201;iABhdFgecfHgiecDabCedgabfhIhFeDbIcGagdcafhBieAbieCGHDfBGacHeiFdeifbgdaChdCHFIAEBG;0,0,1,1,2,2,3,3,4,0,5,5,1,6,2,3,3,4,7,7,1,1,6,6,8,8,4,9,10,11,11,12,12,8,13,13,9,10,10,10,14,14,15,13,13,16,10,10,17,14,14,15,15,15,16,18,17,17,17,19,20,20,21,16,18,22,23,24,19,25,20,21,26,26,22,23,24,19,25,20,20
202;achEfIBdGgeIHbdafCDFBaCGHeibHacefgidCIdGhBeafeGfIDAChbFagbiedcHhdefGCIbaibcDahfgE;0,0,1,1,2,3,4,5,5,0,0,0,6,2,3,4,7,7,8,9,6,6,10,11,7,7,12,8,9,9,9,10,11,13,14,12,15,15,16,10,10,11,13,14,17,15,16,16,10,10,18,13,17,17,19,20,21,21,22,18,23,23,24,19,20,20,22,22,25,25,25,24,26,26,22,22,27,27,28,28,28
203;aEhFibcdgiBgAcDEfHCdFEghaibdfibaGHCehAEdfcBgIgcbhEiFadFhagdeiBCbidcHaGEfEGcIBfdhA;0,1,1,1,2,2,3,3,4,0,5,1,1,2,2,2,3,4,6,5,5,7,7,2,8,8,9,6,10,5,11,11,11,11,9,9,12,10,13,13,14,11,15,15,15,12,12,16,14,14,17,18,19,19,20,21,16,22,22,17,18,23,19,20,21,21,24,24,25,25,23,23,26,26,26,27,27,27,25,28,28
204;IdAGBchefFGeDhacIBhbCEfidgAgchiaFBdEbIdhegfaceafbCdGHIAHBcdEIfgdfiaGbecHCEgFihabd;0,0,0,1,1,2,2,3,3,4,4,0,1,1,2,5,5,6,4,4,0,7,8,2,9,6,6,10,11,11,7,8,9,9,12,13,10,10,11,14,14,9,15,12,13,10,10,16,16,17,17,15,15,18,19,20,20,20,21,21,22,23,18,19,19,24,24,25,21,22,23,23,26,26,26,25,25,27,27,28,28
205;iDFBACgehBCaEghdfigHefidbaCeIgaDBHcfAfhcegiDbdbCHFiegahgdiCFaBeFAigbecHdcEBDhaFiG;0,0,1,2,2,2,2,3,3,0,0,1,4,5,5,6,3,3,7,8,1,4,5,9,6,10,10,7,8,8,8,11,9,12,12,13,14,8,15,15,11,16,16,16,13,14,17,17,17,18,19,19,19,13,20,17,21,22,18,23,23,24,24,20,20,21,22,18,25,25,26,27,28,28,21,22,22,22,26,26,27
206;ihFGACDBeegdibhAfCcabfEdhIghdCBgFeaiafgECIbhDBeidHacGfdIHafegcBfbAcDgiEHGcEhibfDa;0,0,1,1,2,2,2,3,4,0,0,5,1,2,2,6,3,4,0,7,5,8,9,9,6,4,4,10,7,11,8,8,9,12,12,13,10,10,11,14,15,9,16,13,13,17,17,14,14,15,15,16,18,18,19,19,20,14,21,21,22,18,18,23,19,20,20,20,24,22,25,25,23,23,26,26,20,24,27,27,25
207;ChegBIDaFBdfahEIgcgaicfDhEbDEahICfbgigcbefadHFBhDagEcIHfbEcagidAIgFdbcheeCdIGhBfA;0,0,1,1,2,3,3,3,3,4,4,5,5,2,2,6,3,7,4,8,5,5,9,10,6,11,7,12,8,13,5,9,10,14,11,7,12,8,13,15,15,10,14,11,7,12,12,16,17,17,18,18,11,7,19,16,16,20,20,21,22,11,7,19,23,23,21,21,21,22,22,24,19,19,25,25,26,26,22,22,24
208;efbihAGCDaCGedfBIhhDiGbcaefbhcAEDifggEFCIHdbadiafgbeHcFGDbcehaiiAeHFGcDBcBhdaifgE;0,0,1,1,1,2,3,4,4,5,0,6,6,1,2,3,4,4,5,0,7,8,8,8,3,9,9,10,7,7,11,8,8,8,12,13,10,10,14,11,15,16,12,12,13,17,10,14,11,15,16,18,13,13,17,19,19,20,21,21,18,22,22,23,23,19,20,24,25,25,26,26,27,27,28,28,24,24,25,26,26
209;fcdaegHbIBahficgedieghDbCAfEBFgAdIChdIachFBGeghCibEfdaaDIBgheFCHFBecadIGcgeDFiahb;0,1,1,2,2,3,3,3,4,0,5,5,2,2,3,6,4,4,7,8,8,2,9,10,6,4,4,7,7,11,12,9,10,13,13,14,7,15,11,12,9,16,13,13,14,17,15,18,12,16,16,19,13,20,17,18,18,12,21,21,19,22,20,17,17,18,23,21,21,22,22,24,25,25,18,23,26,26,22,22,24
210;fEAIdbgcHChgaefBIdBiDhcgaefebCfadhgiHAfBgiEDcdgiEhcfAbicbgFAdHeAfhdiECBGGdEcbHiFA;0,1,1,2,2,2,3,4,5,0,0,1,6,7,2,3,4,5,8,0,0,6,7,7,9,10,10,8,11,11,6,12,9,9,9,13,14,14,15,16,12,17,13,13,13,14,14,15,16,16,17,18,19,19,20,21,21,21,16,22,18,19,23,20,20,21,21,22,22,22,22,23,24,24,25,25,26,26,27,27,23
211;agFCiedhBHbdaFgiecceiBHDGafFhegacbidGdAEBicfhbicfDhaGEiChDeAFbgdABhgfECiefgIcBHDA;0,0,0,1,2,2,3,3,4,5,1,1,1,1,6,7,3,4,5,8,1,9,6,6,7,10,10,5,8,11,9,9,6,12,12,13,14,14,11,15,16,6,17,17,13,18,18,19,15,16,16,17,17,13,20,20,19,15,21,22,23,23,23,24,24,25,21,21,22,26,23,27,28,28,25,25,26,26,26,27,27
212;GCdEAFibHHFibGdACeEbaIhcgfdaigdCeFhBdefhbgcAibhcfiaedGcABGEhDIffGhcdIBeAIdeafbHgc;0,1,2,2,3,3,4,5,5,0,1,1,6,3,3,4,4,7,0,8,6,6,9,9,4,4,7,0,8,8,8,8,9,10,4,11,0,12,13,8,14,9,10,11,11,12,12,13,15,14,14,14,16,16,17,12,15,15,18,19,19,20,20,17,21,21,21,18,19,19,20,22,23,23,24,24,24,25,25,20,22
213;abdcGfhiEIhcEBDfgaFGeaihcDBcDAifegBHHEIbcgaFdbfghdAIeCEIbgAcdhfgCfdHbeaIdahFeIBcg;0,0,0,1,2,2,2,3,3,0,4,0,1,2,5,6,6,3,7,4,4,1,8,5,5,6,9,7,4,10,10,8,8,11,11,9,12,12,13,10,8,14,15,15,9,16,12,13,17,17,14,18,18,9,16,19,19,20,20,14,14,21,9,22,23,19,19,24,24,25,21,26,22,23,19,27,27,27,25,25,26
214;CbgEdaHifeiFHbcAgDDhAFgiBecbEIDCGfhahadifecbgfGcBAhedIACegIbDfhgdhaeFicBIfbchDgAE;0,0,1,1,1,2,2,3,3,4,4,1,1,1,2,5,3,3,4,6,6,6,6,7,5,5,8,9,9,9,9,6,7,8,8,8,10,11,11,12,13,7,14,8,15,10,10,11,12,13,16,14,14,15,17,17,17,18,19,16,20,20,21,22,23,24,18,19,19,20,20,21,22,23,24,18,25,25,20,20,21
215;hCdiabgfeafbdeGcIHgIefchdBadhaBiFEcgieFCgDAHbCBGaHeFdibaieDcHgFFdhGBaIeCEGchfibAd;0,1,2,2,2,2,2,3,3,0,1,4,4,5,5,6,7,7,8,9,4,10,10,11,6,7,7,8,9,12,10,10,11,13,14,14,8,8,12,15,15,16,13,13,13,17,18,12,19,20,16,21,21,22,17,18,18,19,20,20,23,23,22,24,18,18,19,25,26,26,27,27,24,24,24,25,25,28,28,27,27
216;FEAHgidbcCihFBDaeGgDBaeCfhidbfgiHcaEhGcbAeIfDIAEDcfbghefGIdahcbacIehBgDFbhdcfgEIa;0,1,1,1,1,2,3,4,4,0,0,5,5,5,2,3,6,6,0,0,7,7,5,8,8,6,6,9,9,7,7,7,8,10,11,12,13,9,9,14,15,16,10,11,12,13,17,14,14,15,16,10,10,12,13,17,17,18,16,16,10,19,20,21,22,22,18,18,23,23,19,20,21,24,24,25,25,26,26,27,27
217;BGediHacFcAdbgfiehfihcaeDBGHFciEbgdaEBGFDaHiCiDaghcbfeacIebGfHdgebhFDCaIDhfACiegB;0,1,1,1,2,3,3,4,5,0,6,6,6,2,7,7,4,5,8,6,6,9,9,7,10,5,5,8,11,11,11,12,12,10,13,13,8,8,14,14,14,10,10,15,15,16,8,8,17,14,18,18,19,20,16,21,21,17,17,22,22,19,20,23,21,24,24,25,25,26,19,20,23,21,27,27,25,25,26,19,20
218;gfahdciBeDCIBeAhfgebHfIgDaCFdBEAHcGIahciGbeDfIegcfdbhaCAfdHeGIbhGeAbifcdBidgCFaeh;0,0,1,2,2,3,3,3,4,0,0,1,2,5,5,3,3,4,6,6,5,5,5,5,3,7,7,6,6,8,9,10,11,11,12,13,14,14,8,9,10,10,10,12,13,15,14,16,16,17,18,19,12,12,15,15,15,20,17,18,19,21,21,22,22,20,20,20,18,23,23,24,25,25,25,20,20,26,26,23,24
219;DabiEchfgHcGdAFEibfiEhgbcdabhcadiFgEaEfGBhiCDgdIFCebahiBaeFGDhcCFDbhAgeieghCidABF;0,0,0,1,1,2,2,3,3,4,4,4,1,1,2,5,6,6,4,4,4,7,7,2,5,5,8,9,9,10,10,11,12,12,13,8,14,14,15,16,11,17,17,13,18,19,19,15,16,20,17,17,13,18,21,21,22,16,20,17,20,23,24,25,26,22,27,20,20,20,23,24,25,26,26,27,28,28,28,28,24
220;ihBfGCadefcdbaehiGeGaDIHCfbgfhiedBACBdecHAFgIcaigFBdEhdbFeCgIhahiGAbfeCdAEchdigBF;0,1,2,3,4,4,5,5,5,0,1,2,3,3,4,5,6,6,0,7,2,8,3,4,5,6,6,0,7,8,8,9,10,10,11,11,0,0,12,13,9,14,14,11,15,16,16,12,13,9,9,14,15,15,17,17,12,13,18,19,19,20,20,21,17,12,22,18,19,19,23,23,21,24,24,22,18,18,25,25,23
221;afbgCDehiiChEafGdBEgDIbHAFcheCAdbfigdbifeghCaFAGhIcbeDcDfBhaigEgiaDFeCbHBhecGIdaf;0,0,0,1,1,2,2,2,2,3,3,0,1,4,4,4,5,5,6,3,3,7,4,4,8,8,8,6,9,10,7,7,11,11,8,12,13,9,10,7,7,11,11,14,12,13,13,10,15,16,16,17,14,12,18,19,10,15,16,17,17,20,12,18,19,19,21,21,21,20,20,20,22,22,19,19,21,23,23,24,24
222;fhaebcGdiBegfdiacHCDihGafeBdcFGhebiAABHcIfdgeigEBADHfCHfCdEBIaGGadIChebFeibafgchd;0,0,0,0,1,2,2,3,3,4,4,4,1,1,5,5,5,6,7,8,1,1,9,10,10,11,6,7,8,8,12,9,9,9,11,6,13,8,8,12,12,12,12,14,6,13,15,15,16,12,17,18,14,19,20,20,16,16,16,17,18,19,19,21,21,21,22,23,17,18,19,24,25,25,22,22,23,26,26,19,24
223;BhdecfagIeaIGdHbfcCfgbaIdEhfGAcBEhiDHiBdFgCaEdechIagbFaceigDfhBIdfaHbECggBHFeciDa;0,0,1,2,3,4,4,5,5,6,7,1,2,3,3,4,8,9,6,7,1,10,11,11,12,8,9,13,13,14,10,15,12,12,16,16,13,14,14,15,15,12,17,18,18,19,19,20,20,15,12,17,18,21,22,22,23,20,24,25,17,18,21,26,26,23,24,24,25,27,27,21,28,28,29,29,29,29,27,27,27
224;gABHiecDfCiEBfdahGHDfcgabieAcdfHgIebBGhedifcAEfiaBchGdfeCgAHdbIdBgiCFeahIhaDEbGfc;0,0,0,1,1,2,2,2,2,3,4,4,5,5,6,6,2,7,3,3,3,5,5,8,6,2,7,9,10,11,11,12,8,13,14,15,9,10,16,17,12,8,13,14,15,9,9,16,17,18,19,19,20,20,21,21,16,16,18,18,18,22,22,23,24,24,24,18,25,25,25,25,23,26,26,24,27,27,25,28,28
225;DafhbcgiebghFEidACECigdaBFHHdacGeiBfGFeIABChDIbcDhfEgaFedbihacgciGAfdheBaHbEcgfdI;0,0,0,1,1,2,2,3,3,4,0,5,5,6,6,2,3,3,4,0,5,5,7,7,2,8,3,9,10,11,12,12,12,13,8,14,9,10,11,15,16,12,13,8,14,9,9,17,15,16,18,19,8,14,20,17,17,15,18,18,19,21,21,20,22,22,23,24,24,24,25,21,26,26,23,23,27,27,25,25,21
226;AhDgifEBCGcibdEaFhFeBhCAIgDCdafbHgiEBGEIaChdfhIfEGdBcaiahcfgDEbefgDhbcaidbcaeifhG;0,1,1,2,2,2,3,3,4,0,0,1,5,6,6,3,4,4,7,7,8,5,5,5,3,3,4,9,8,8,8,10,11,11,11,4,9,12,13,14,10,15,15,11,16,9,12,13,14,17,18,18,11,16,19,12,20,14,17,21,21,22,23,19,20,20,20,24,24,22,22,23,19,25,25,24,24,26,26,27,27
227;igchbAdEfBdecIfhGaafhdegIbcfBiEAHgcdHEdgfCbaiGCaidBfhEcaFBgDeIhEhBFcIaDGDigaheCfB;0,0,1,2,2,2,3,3,4,1,1,1,5,5,2,6,3,4,1,1,7,7,8,2,6,3,9,10,11,12,12,8,13,13,13,9,10,11,11,14,14,14,15,16,16,17,17,17,18,18,19,15,15,15,20,20,20,21,19,19,22,23,23,24,24,25,21,26,22,22,23,23,27,27,25,21,26,28,28,29,29
228;aBieFgHDCfchdabiegDGecihFBaCFGBdAEHieABhcIDGfhIdgefcAbbdafhCgieihcAgeBfDGEfibDach;0,0,1,2,3,4,4,5,5,6,1,1,2,3,3,7,5,8,6,9,9,10,11,7,7,7,8,6,9,10,10,11,12,7,13,8,14,15,15,16,11,12,13,13,8,14,17,15,16,16,12,13,13,18,17,17,19,20,20,20,21,21,18,22,23,19,24,24,20,25,25,26,22,23,23,24,24,20,27,27,26
229;HigAecDfBEBcfdgHAiAFdibhGEccEIDhfabgFdhGaBicegaBCIefDhdhebFiCgaigfecaBhDBcAhGDeif;0,0,1,1,2,2,3,3,4,5,5,1,6,7,8,8,9,4,10,5,5,6,7,7,9,9,11,10,12,5,13,14,14,14,9,11,12,12,15,13,13,16,17,17,18,19,12,15,13,13,16,17,18,18,19,19,20,21,22,22,23,23,23,24,25,20,21,26,22,27,27,23,24,25,20,20,26,28,28,27,27
230;HbAgCEifDiCfHadgbedeGbiFChaeahdgIfCBgFCEBaDIHbidcfheAgagIfDbheCchBiEgadFfDeahCbgI;0,0,1,1,1,2,2,3,3,4,4,5,5,6,7,2,3,8,4,5,5,9,6,7,10,10,8,4,11,11,9,12,7,13,13,13,14,11,15,16,12,17,18,19,20,14,21,15,16,17,17,18,19,20,22,21,23,24,25,25,18,19,19,22,22,23,24,24,24,24,26,19,27,27,23,28,28,29,29,26,26
231;dHiFacGebfgaBEDIchCbeghIafdedhcIafBgbaChfGdIEGIFdbeCHaaEGicbHDfiFdeghbaCHcBADfegi;0,0,0,1,1,1,2,2,3,4,5,0,6,6,7,7,2,3,4,5,8,8,6,6,7,9,10,11,12,12,13,13,14,7,9,10,11,15,15,15,16,14,14,17,17,11,18,19,15,16,20,20,17,17,18,18,19,21,21,20,22,17,23,24,18,19,25,26,26,22,27,23,24,19,19,25,26,26,22,27,27
232;haDfIcBgegEIBahcdFCFBEDgiHaAceibdgFhbiGhefdaCdHfcGaEibfgcDHBaeIIDhacefbgeBAGfiHcd;0,0,1,1,2,2,2,3,4,5,6,7,1,8,8,8,3,4,5,6,7,9,9,10,8,11,12,6,6,7,13,9,10,11,11,12,14,14,13,13,13,15,11,11,12,14,16,17,17,18,15,11,19,19,16,16,16,20,18,15,21,22,22,23,23,23,20,18,15,21,22,22,23,24,24,24,24,25,25,22,22
233;GFChaDIEbHdibegfAcBaecfIghDdhbeGACifEcfiBhaDGIGAdcfhbEAEdFhCbgicbhgiedfafigaDBEcH;0,1,1,2,2,3,4,4,4,0,0,1,5,3,3,6,7,8,0,9,5,5,5,5,6,7,8,9,9,10,10,10,11,12,13,13,14,14,10,10,15,11,12,16,17,18,14,14,19,15,20,16,16,17,18,21,22,19,19,20,20,23,17,18,21,22,24,25,20,20,23,23,26,26,22,24,25,25,27,27,27
234;fEBcaiHgdaDgefhcibHicgdbfAeChiagEDBfgfAHBDECidbeIcfghaechFIabDGIgDBECaFhBaFdhGiec;0,0,1,1,2,2,3,3,4,5,0,6,1,7,7,8,4,4,5,5,6,9,7,10,8,11,11,12,13,9,9,14,10,11,11,11,12,13,15,14,14,16,17,17,11,18,15,15,14,19,16,20,17,21,18,22,23,14,19,19,20,20,21,22,22,23,24,24,25,25,26,27,22,28,28,24,24,24,25,26,27
235;adFichegBghbADEcfiieCBgfhadDIahbgfCeCFeDiAgBhHBGeFcidAeChfaBDIGBgDchiaeFfaigedbHC;0,0,1,1,2,2,3,4,4,0,0,1,5,5,6,3,3,7,8,8,1,5,5,6,9,9,7,10,10,1,11,11,11,9,9,12,10,10,10,11,13,11,12,12,12,14,15,15,11,13,16,16,16,17,14,14,15,15,18,16,19,17,17,20,20,21,21,18,19,19,17,22,23,23,23,23,24,24,22,22,22
236;gEIfbcdaHBhadigCfedcFaeHgIbiaHCFDebGFDegABiHcCbGEhifdaafbigEhCDeIchdabgfHgDbcFAEi;0,1,1,2,2,3,4,5,6,0,0,1,7,3,3,4,5,6,0,8,1,7,3,9,10,10,10,0,8,11,12,3,9,9,13,14,0,15,11,12,16,17,17,13,14,15,15,18,16,16,16,19,19,20,21,15,18,18,22,19,19,23,20,21,24,24,24,22,25,25,23,23,26,26,26,22,22,25,27,27,27
237;ibFgDhECAgEHfacbidadCBEihGfFaecBgiDhhGbeidFaccIdhFAgbEDcgiheafBBhiACFdEGefaDgBchi;0,0,1,1,2,2,3,4,4,5,5,5,6,6,2,3,4,4,5,5,7,7,7,7,8,9,4,10,10,11,12,12,13,8,9,9,14,15,11,16,16,13,17,9,9,14,15,15,15,15,15,17,17,17,18,18,18,18,18,19,19,20,20,21,21,21,18,22,23,20,20,24,25,25,25,25,22,23,23,20,24
238;hEbgcifDadgCaHfBEIFiabEDHGcadhfGBcieiCfDAEgBhebgciHDafbHDIFaeCGcfiedgahBgAEhbcifd;0,0,0,1,1,2,2,3,3,0,4,0,5,5,6,2,3,3,7,4,4,4,6,6,8,9,9,7,10,4,11,11,6,8,8,12,10,10,13,13,13,14,8,8,12,10,10,13,13,13,14,14,15,15,16,17,17,18,19,14,20,20,20,16,16,17,18,19,19,21,20,20,22,22,23,23,23,21,21,21,20
239;hIaDegbCFbeCahfgiDFgdiCbHAEiFbcDhaeGEdGFIacbhCAHGbEdFIDhieacfgbaBfhgiEdcgCebFdiha;0,0,0,1,2,2,2,3,4,5,0,0,1,6,7,4,3,4,5,5,5,5,6,7,4,4,4,8,8,9,10,6,11,12,12,13,14,14,9,10,15,11,16,12,13,17,9,9,18,15,11,16,16,19,17,17,20,18,18,21,22,19,19,23,20,20,24,24,21,22,19,19,23,20,20,25,25,21,26,26,26
240;cEfhdaigBghBCiFEaDIDaegbCHfFgcaeibdHDIhbfGacebaedHCFIGHBdiaeGFCefigcdhbaACgfBHdei;0,0,1,1,2,2,3,4,4,0,0,5,5,6,2,3,7,4,8,8,5,5,6,9,3,7,7,8,8,8,10,6,9,3,11,12,13,13,10,10,14,15,15,11,12,13,13,14,14,14,16,17,18,19,20,20,20,16,16,16,17,18,19,21,22,22,23,24,17,17,18,19,21,25,25,23,24,26,26,27,27
241;FgcbAHdiebDAECigFhEHifGdcaBcafgdbHEiHIgCeabdFdeBHIfagcafdiBcehgicedhGFBAgbhAfEIcD;0,1,1,2,3,3,4,4,4,0,0,5,2,2,3,4,4,6,7,5,5,5,8,8,8,6,6,7,9,9,10,10,10,11,12,6,13,14,14,15,10,10,11,12,16,13,15,15,15,17,17,11,11,16,18,15,15,19,19,19,20,21,21,18,18,18,19,19,19,20,20,21,18,22,22,23,23,23,20,24,24
242;hbieAgdcfegAcfDbHIDFcibHaGefedacigBhAIbHgFedcgCHdebIfabAEghCFIdCDgFIEHAbihfbdaceG;0,1,1,2,2,3,3,4,4,0,5,6,6,2,7,3,3,8,5,5,9,6,2,7,7,8,8,10,11,9,9,12,13,14,14,15,10,11,9,9,12,13,13,16,15,17,18,18,18,12,12,19,16,20,17,21,22,22,19,19,19,23,20,24,21,25,25,26,26,23,23,20,24,21,21,21,26,26,23,27,27
243;idcbGHAefGBaFeDhicheFAcigDbcFBhdGiAeEAHiFcdbgdiGEBAfcHbheDAfcgiagiCHbefdfcDgiEbHa;0,1,1,1,1,2,2,2,3,0,4,4,5,1,6,6,3,3,7,7,8,5,5,9,9,10,11,12,12,8,8,8,13,10,10,11,12,12,14,14,13,13,15,15,16,17,12,14,14,18,18,19,19,16,17,20,20,14,21,18,22,22,23,24,20,20,25,21,21,22,22,23,24,26,26,25,21,27,27,28,28
244;cFaDihEBgBHDegFCIaegiabchfdichbdEGaFadgCFIBheFbEgHaDCiGEcfabidhDifHCgaebhabIeDFgc;0,1,1,1,2,3,3,4,4,0,5,5,6,2,7,8,8,8,9,5,5,6,6,7,7,10,8,9,9,11,11,12,12,13,10,8,14,9,9,15,12,16,13,13,17,14,15,15,15,12,16,16,16,17,18,18,18,19,20,21,22,22,23,24,18,25,19,20,21,26,26,23,24,25,25,20,20,27,27,27,27
245;abiCHDfeghcgfeIbdAfeDAbgcihIFcgaEHbDdAHIcbegfEgbhdfiacgDebFHAcIcIFegADHBBHaDicgfe;0,1,1,2,3,4,4,4,4,0,0,5,2,3,3,6,7,7,8,8,5,5,5,6,6,9,7,10,10,5,11,6,6,9,9,12,10,13,13,11,14,14,9,15,12,16,17,13,11,18,18,18,15,15,16,17,19,20,21,22,23,23,23,24,25,19,20,21,22,26,23,23,24,25,25,27,27,22,26,28,28
246;fGeihbaCDHDbcafgIeCiaedGBfHEfIgbhcdAbACdFiHegGhDaEcibfaehBiDFgcdBGfcaEhiiCFHgEdab;0,0,1,1,1,2,3,3,3,4,5,5,6,2,2,7,8,8,4,4,9,6,10,10,7,11,11,12,12,9,13,10,7,7,14,15,12,16,17,13,13,14,14,14,15,12,16,17,13,18,18,19,19,20,21,21,17,17,18,22,23,20,20,21,24,24,25,25,22,23,23,26,24,24,24,27,27,27,28,28,26
247;gdiEafCHBABhcgiedfcefDHbgiaDhafBgIceIGBHceFadFceaIDhbgbicgeaDFHhfgBdCaeIEAdiFhbGC;0,1,1,2,2,3,3,4,5,0,0,6,7,2,3,8,4,5,9,10,6,7,3,3,8,11,5,9,10,12,12,13,13,14,11,5,9,10,15,13,13,14,14,11,16,17,17,15,18,18,19,19,11,16,20,17,21,18,18,22,23,16,16,20,21,21,24,22,22,23,23,25,26,26,26,24,27,27,25,25,25
248;egbcDhiafhCfEiAGbDdAIBfGechiFdgcBhEACbEhAifdgahgDeFBIcfdaihEcGbgeCfbdAhIbIhAgCdFe;0,0,1,2,2,3,4,4,4,5,0,1,1,6,3,3,7,7,5,8,8,9,6,10,3,3,11,12,12,8,9,13,10,10,11,11,12,12,9,9,13,14,10,15,15,16,16,17,17,14,14,15,15,15,18,18,18,19,19,20,21,21,22,23,18,18,19,19,20,20,24,22,23,25,25,26,26,27,27,24,22
249;agcBhefdiHfbdICGeaDiegAFcBHceAiFbDHGBhFcgDIAegdiaEHBFCfcgEdahibebhfciAgDiaDhbgecF;0,0,1,2,2,3,3,3,4,5,5,1,1,2,2,3,6,4,5,7,7,8,9,9,9,6,4,10,11,11,8,12,12,12,13,13,10,14,15,8,16,17,13,13,13,10,14,15,18,16,17,19,19,20,21,14,14,18,22,17,19,20,20,21,23,23,23,22,24,19,25,25,21,23,26,26,24,24,27,27,27
250;aFIGDCbhehBgieafCDcDehfBgiaGiacbehDfdEFaihCbgbChdGfAeiiHDbAgEfCFaCEHiDgBegbFcdiah;0,0,1,2,2,3,4,5,5,6,6,1,2,7,3,4,4,5,6,8,8,8,7,7,9,9,9,10,8,11,11,12,13,9,9,14,10,10,11,12,12,13,15,15,14,16,17,17,17,12,18,19,19,20,16,21,21,21,22,18,23,20,20,24,24,21,22,22,18,23,23,25,24,24,24,22,22,18,26,26,25
251;FahiBegDCEGicADFhbcDbgfheaibcfdEgaiHGIEBhADcfahdFICBgEdbghcFiEAHfaEGicbdIecadbhfg;0,1,1,2,2,3,3,3,4,0,0,5,5,2,6,6,6,4,0,7,7,7,8,8,9,9,10,11,12,7,13,14,14,14,9,10,11,12,13,13,15,15,16,17,17,18,18,19,13,13,20,16,21,21,18,18,19,22,22,20,16,23,24,25,25,26,27,20,20,23,23,24,26,26,26,27,27,27,28,28,24
252;ABgIEDchfceifHbdagFhDCAgieBHCFaBigdeeIadGhfbcDgbefcHIAidegCabFHGfHbIEAcdbacHdfegi;0,1,1,1,2,3,4,5,5,0,0,6,1,2,3,4,4,5,7,7,6,8,2,2,9,10,5,11,11,11,8,2,2,9,10,12,11,13,13,14,15,15,16,10,12,17,13,13,14,14,15,16,12,12,17,18,18,19,14,20,16,21,12,22,22,18,19,14,20,21,21,23,24,24,19,19,20,20,21,21,23
253;IHeCdAbfGfgaibhCDecDBEGFaIHEAHfibdgcdbfgCEHaIgciHadeBfBfCahgieDAigdecFhbhedbfIgCa;0,1,1,1,1,2,3,3,4,0,0,0,5,5,2,2,3,4,6,6,7,7,8,8,8,9,10,6,6,7,7,11,11,12,9,10,13,13,14,15,11,11,12,16,17,18,18,14,15,19,20,20,16,17,18,21,22,22,19,20,20,16,17,21,21,23,23,23,24,24,24,25,26,26,27,27,28,28,25,25,25
254;hBCafeidGEfdcgihaBgIaHdBCfeBDHGcfaeiaGeIbdFhCfciEAHgbdiHbFegdcADAgbhcEiFcefdiAbGH;0,0,1,2,2,2,3,3,3,0,0,1,4,4,5,5,6,6,7,7,8,8,8,5,6,6,9,10,11,11,12,12,12,13,14,9,10,11,11,12,12,15,13,14,14,10,16,16,16,17,15,13,18,18,10,19,16,16,17,20,20,20,21,22,19,19,23,23,24,25,21,21,22,22,19,26,26,24,25,25,21
255;DFCiAhEbGBigecdAhFaehbfGcdiedACgibfhhcifebgaDFgBhDaieCgHfaBCdiEcAeDifhGbIBdgHeFCA;0,1,2,3,3,4,5,5,6,0,1,2,7,4,4,8,6,6,0,1,7,7,4,4,8,9,9,10,1,11,11,11,12,8,13,9,10,14,15,15,12,12,16,13,17,10,14,15,15,12,12,16,17,17,18,18,19,19,20,12,16,21,22,23,23,20,20,20,21,21,21,22,24,24,24,25,25,26,26,22,22
256;idHebcAfgegbfHADIcAcfgDiheBDfIBAGcHEHAcdfegbiBegcIhFdAfIdagbechCbahefIGdghEIcdBaF;0,0,0,0,1,2,2,2,2,3,4,5,5,1,6,7,7,7,3,4,8,8,6,6,9,9,10,11,4,4,4,12,13,13,14,10,11,11,15,16,12,17,17,14,10,11,11,15,16,18,18,18,18,10,19,15,15,20,20,21,22,22,22,19,23,23,23,24,21,21,25,25,26,26,23,23,24,27,27,25,25
257;HGaebFidCcdFHaIBegbEidgcfAhGadfCEHbiibeahgdCFFCHidBEgAAfbgeHCiDehgcidafbDIcbfagHE;0,1,2,2,3,3,4,5,5,0,1,6,6,7,7,4,4,5,8,6,6,9,7,7,4,10,5,8,11,11,9,12,13,14,10,15,16,16,11,17,12,13,14,14,15,16,18,18,17,13,13,19,14,15,20,18,18,17,21,13,19,19,22,20,23,23,24,21,25,25,26,22,27,27,27,24,28,28,25,26,26
258;HfeBCgaDiacbIdefHGIgdHAfbcefeCDhigAbdAHgfBeICbigaecdFhcHfEgaibDEbACiDhgFgdiFBHcea;0,0,1,2,2,2,3,4,4,5,0,1,2,6,3,3,7,4,5,8,8,9,6,10,10,7,4,8,8,8,9,6,6,11,11,12,13,13,14,9,6,15,16,11,12,17,14,14,18,19,15,16,16,20,17,18,18,18,19,19,16,20,20,21,22,22,22,22,19,16,23,24,21,21,25,25,26,26,26,23,24
259;eafbcGdhIIHbADEFgcCdgFIheabAgIhFcBDEbEcDaihfgdfhgebicafcEigdabHhIAcBfGEdgBdeHACif;0,0,1,1,2,3,3,4,4,5,6,6,2,2,3,7,4,4,5,5,8,8,2,7,7,9,4,10,10,8,8,11,11,11,9,12,13,13,14,15,15,15,16,16,12,13,17,14,18,18,18,16,16,19,20,17,17,18,21,21,21,22,19,20,23,17,24,24,25,25,22,19,23,23,17,26,26,26,26,26,19
260;aBHegicfdgFicDahEBdcebhFIGAbACDFheigfedIBgachhigaECDbFcHbFAeGDiEdAgibfHcigFHcdbae;0,1,1,2,2,3,4,4,4,0,5,1,3,3,3,6,4,7,5,5,8,9,9,9,6,10,7,11,12,8,13,14,14,14,10,7,11,12,15,13,16,16,14,17,17,18,19,15,13,20,16,16,17,21,18,19,22,22,20,23,23,17,21,18,24,24,22,20,20,25,25,26,27,27,24,28,28,29,29,29,26
261;AefdcHgIBdBhaigCefGicbfeadhidAhEfBGCbHegdCFaICFGiBADheFCIegdhBahgBcaIefdeadFhbIcg;0,1,1,2,2,2,2,3,3,0,0,4,4,5,6,6,3,3,7,7,4,4,5,8,8,9,10,11,11,12,12,5,8,9,9,10,13,11,12,12,5,14,14,14,14,13,15,15,15,5,5,16,16,17,18,19,20,20,21,21,22,22,17,18,19,20,23,21,21,22,24,25,26,26,23,23,27,27,24,24,25
262;GdFHBEIAchcigdaeBfaEBifcdGhBaDfeGcHiigecHdafbFHCbaigdEdihegBFCaeFgAcHbIdcbaDifHeG;0,1,1,1,1,2,3,3,4,0,1,5,5,6,2,3,7,4,8,8,5,6,6,9,3,7,7,10,11,12,12,12,9,13,13,13,10,11,14,15,15,15,16,16,16,17,18,14,15,15,19,19,20,20,17,18,21,21,22,22,22,23,23,24,24,21,21,22,22,25,25,26,24,24,27,27,28,28,25,25,26
263;efcDgiHabADhFBciEgIgbAeHDfcgbAEIfcdhfcIhdAgBeDheGcbaifBedcAgFhicAfiHebGdhiGBfDECa;0,1,1,2,2,2,3,3,4,0,5,6,6,7,8,8,9,4,10,5,11,12,7,13,13,9,9,10,14,11,12,7,15,13,9,9,16,14,11,12,7,15,13,17,17,16,16,18,18,18,15,19,19,19,20,20,21,21,18,22,22,23,24,25,25,26,21,21,27,22,23,24,25,25,26,28,28,27,22,29,29
264;feaIDghcbICbEhafGDhdGfcbiaechfaBDgEIGBdHIeafcAiegFcDbhdahBEfCigeFCdgIBhabgiCAHeDf;0,0,1,1,2,3,3,4,4,0,5,5,5,2,3,3,4,6,7,5,5,2,2,3,3,4,6,7,8,9,9,9,10,10,10,10,8,8,11,12,12,13,14,14,15,16,16,11,12,17,13,18,15,15,16,19,19,20,17,18,18,21,21,19,19,19,20,17,17,17,22,23,24,24,25,25,26,26,26,22,23
265;gHdIaeCbffBEdCGahIacifhBGeDCihgeDbfADgBaFHIceeFAcbidGHBegHDafiCiAfegchdbhdcBiFeag;0,0,1,2,3,3,3,4,4,5,1,1,2,6,7,7,4,4,5,5,8,6,6,9,9,10,10,11,5,8,12,9,9,13,10,14,11,5,15,12,9,9,13,16,14,11,17,15,15,18,18,16,16,14,11,17,19,19,18,20,20,20,21,22,17,23,19,24,25,26,20,21,22,23,23,24,24,25,26,27,27
266;ebagIdhCFiDchefBagFGhbCaeidhfeaDICgBgAdChbfeicIbfGEadhBHgIAcdFeaefDBgihcDCiEFhgBA;0,0,1,1,2,3,3,3,4,5,5,5,6,2,2,7,8,4,9,10,5,6,11,11,7,8,12,9,10,10,13,11,11,14,14,12,15,16,16,13,17,18,14,14,19,15,15,20,21,17,18,14,19,19,22,22,20,21,23,18,24,19,19,22,22,25,25,23,23,24,26,26,27,27,27,25,28,28,26,26,26
267;GIbcEHafdeaDgfibchcfhdBaeIgaBiFhgDECHdeiAcGBfFgCbdehaIBcahgFIDEIEgacDFhbdhfeiBcGa;0,1,2,2,2,3,3,4,4,0,1,5,5,3,3,3,4,6,7,1,5,8,9,9,4,4,6,7,7,5,8,10,10,10,11,6,12,7,5,13,13,14,11,11,11,12,12,15,15,15,14,14,14,11,16,16,17,17,18,19,20,21,21,22,16,23,24,18,19,20,20,21,22,22,23,24,24,19,19,25,25
268;AEHciDBFggcfEhbadiibdgaFeHcfDihcegBAhGeFBAcidbaCdgiHEfcIbADhfgedFaBEgiCHehgifCdAB;0,1,2,2,3,3,3,4,4,0,1,5,5,3,6,6,6,7,1,1,8,8,9,6,6,10,7,1,1,11,11,9,9,6,10,12,13,14,14,14,15,16,16,10,12,13,13,17,14,15,16,16,16,18,13,13,17,17,17,19,16,20,18,21,21,22,22,19,19,23,20,18,24,24,22,22,19,19,23,20,20
269;HbaGcFdeiIFedbAghccdGeihabfBafcGEhideciBHdFAgGhdfaIBcefIbadCeGHDGHiebCfaaeCHFGIdb;0,0,0,1,1,2,2,3,3,4,5,5,6,7,7,8,8,3,4,5,5,6,7,7,9,8,10,11,12,12,12,13,9,9,14,10,11,15,15,12,13,16,16,14,10,17,17,18,19,13,20,20,21,21,22,22,18,19,23,23,20,24,24,25,25,18,26,27,28,28,28,24,25,25,26,26,27,27,29,29,24
270;heaBGcDFICdgiFHBeafBideaCghefdgibAHcGICHadfbeAHbFceIDGdcfahGeiBbgEcdihafIAHebfgcD;0,0,1,1,2,3,3,4,5,6,6,7,7,2,3,3,4,5,8,8,8,7,2,3,9,9,10,11,11,8,12,2,13,13,9,10,14,14,12,12,15,15,13,16,16,14,17,17,18,15,15,19,19,16,14,14,20,18,18,21,19,22,22,23,24,20,20,18,21,21,22,25,23,24,26,26,26,21,27,27,25
271;HbiedCfaGaeCgbfDiHFdGIahbceICdhfBEGAbAHCEGidfgfediaHbcegFbcdaHiDhAFgiCebcibAhEGfd;0,0,1,2,2,3,3,3,3,0,1,1,2,2,4,4,5,6,7,7,8,9,9,5,5,5,6,10,11,8,12,13,13,13,13,13,10,11,11,12,14,15,16,16,16,10,10,11,14,14,15,15,17,16,18,18,18,18,19,15,20,17,21,22,22,23,24,19,20,20,17,21,25,25,23,24,24,24,26,26,21
272;CAFdhbiegDehgAiFcbbgIcFEDhaaceibghdfifGedhaBCHDBACfgIEEHcFiABgdfbdhgcEaigiabEDcFH;0,0,1,2,2,2,3,3,3,0,0,1,4,2,2,5,3,6,7,7,4,4,8,5,5,3,6,9,9,8,8,8,10,5,11,12,13,14,14,15,16,10,17,11,12,13,18,19,15,16,16,17,12,12,13,18,19,15,20,21,22,22,23,24,18,25,20,20,21,26,27,23,24,24,25,20,20,26,26,27,27
273;gicdhbfAEFAbGEIhDcheDcfaibgeCfIGdbhAidaEbHGCfbghaCfEiDchIfdeaGbdbEHAgCFiafgbiCDeH;0,1,2,3,3,4,5,6,6,0,1,2,2,4,4,5,5,6,7,8,9,9,9,4,10,5,11,7,8,8,9,9,4,10,10,11,12,12,8,13,13,14,14,10,15,16,12,17,17,18,14,14,15,15,16,12,19,19,18,20,20,15,15,21,12,22,19,18,18,20,23,23,21,21,22,24,24,24,25,25,25
274;fDIGhcBAecBgeadifhaheIbFDgCgADHCEfbiIfhbdGceaecbafIghDDgcFeHaIBhiADGbecFbefciaHdG;0,1,1,1,1,2,3,3,4,0,0,0,5,2,2,2,3,4,0,6,7,5,8,8,9,9,10,11,6,7,5,12,8,13,10,10,11,14,14,12,12,12,13,10,10,11,11,15,15,16,16,17,18,19,20,20,15,15,15,15,17,18,19,21,21,22,23,23,24,24,19,19,25,25,22,23,23,26,26,26,19
275;GfbCiadhEDhAEgFiCbEcIBDHagfFAdghecbihbeIaCGfdciGFbdhEabehacifdgidfhEGBaCagCdFBEiH;0,0,1,1,2,2,3,4,4,5,0,1,1,2,6,3,3,4,5,5,7,7,8,6,9,3,10,11,11,11,7,8,6,9,12,10,13,14,14,14,15,6,16,12,12,13,13,17,17,15,16,16,12,12,18,13,17,19,19,20,20,20,21,18,13,22,22,23,24,25,25,21,26,26,26,23,23,24,24,24,24
276;ihFDaBecGBaeHGCIfDgdcIefbHadfgCIeHabcbagFhDeIHeiBdAcGFachfbdgiefIdECgaBhEgBahiFdc;0,0,1,1,1,2,2,2,2,0,0,3,4,4,5,2,6,7,8,0,3,4,4,5,9,6,7,8,8,10,11,12,12,9,9,13,14,15,10,11,11,12,13,13,13,14,15,16,11,11,17,13,18,19,20,20,16,21,17,17,22,18,19,23,24,21,21,25,25,22,18,19,23,24,21,26,26,27,27,27,27
277;AhEbcigfdiBGDeFHcAdfchGaBiEbGIcfdaeHhCFEAbIdgEadihgFbcFiagDechbcdBaiHegfgEHFbcdAI;0,1,1,1,1,2,2,3,3,0,4,4,5,2,2,6,6,7,8,9,4,5,10,10,7,7,7,8,9,4,11,11,12,12,12,13,9,9,4,11,11,11,14,14,13,15,15,15,15,15,16,16,13,13,17,18,19,20,21,21,22,23,23,17,18,19,20,21,21,22,24,25,17,19,19,26,26,27,27,24,25
278;ahEICbDFGcbGdfHEAIidfegachbhIDcBFgeaGebAHifcdfCAgDeIbhDfihacbgeeacBIGhdfBGHfedaIc;0,0,1,1,1,2,2,3,4,0,0,5,5,1,6,7,3,4,0,8,9,9,1,6,7,3,4,8,8,9,10,10,7,7,11,4,12,8,13,13,10,14,15,11,11,12,16,16,17,10,14,15,15,18,19,19,16,17,20,21,21,21,18,19,22,23,24,20,20,21,18,18,22,22,23,24,24,25,25,26,26
279;dAEfBgiHcHFiAcdGEbbcgehidAFcdFgeBaIheghifabcDaiBcdhfGEGHcdiFeBAieDbachfgFBAHgECdi;0,1,1,1,2,2,2,3,3,0,4,4,4,5,5,5,3,3,6,6,4,7,5,5,8,8,9,10,11,11,7,12,13,13,14,9,10,11,11,15,12,12,12,14,16,17,18,15,15,12,19,16,16,16,17,18,20,21,22,19,19,23,23,24,24,20,21,22,22,25,23,26,20,20,20,27,27,22,25,26,26
280;CDeiAfbghaHicbgfeDgFBeDhciAeGhaFcIdBIcDghbAfEBaFDIehcGdbcHGIeaFhEaFcdGbifigbeaDhc;0,0,1,1,2,2,3,3,4,0,5,5,6,6,7,7,8,4,9,5,5,10,10,7,11,8,12,9,13,13,10,10,7,11,11,12,14,14,14,15,15,16,11,12,12,17,17,18,15,19,16,20,20,21,22,22,18,23,19,16,21,21,21,24,18,18,23,19,16,25,25,21,24,24,24,23,26,26,27,27,27
281;gFbeIHcdaadeBgCifHcHidafgEbhcDifBeAgeIGhdAbCfBafgceHIdiGhAedFBcfBAchIDgedEcFBgAhi;0,0,1,1,2,2,3,3,4,5,5,2,2,2,6,6,7,4,5,5,8,9,2,6,10,7,7,11,11,8,9,12,13,10,14,14,15,11,16,16,12,13,17,14,14,15,15,15,18,18,13,17,19,19,15,20,20,20,21,22,23,23,23,24,21,21,21,21,22,25,25,25,24,24,24,26,26,26,26,27,27
282;EHdfGbAiCBaIcEhGFdfGCiADehbDfbGiecahceHbdaFgIaighCfdBehCaEFibdggbfdhcIEaideABGhcF;0,1,1,1,2,2,3,3,3,0,0,4,4,4,5,6,6,6,7,0,0,0,4,5,5,6,8,7,9,9,10,10,10,11,11,8,12,13,9,14,14,15,15,15,15,12,13,16,16,16,16,17,15,15,18,19,16,16,20,20,17,21,21,18,19,22,22,22,23,23,24,24,18,25,25,25,25,26,26,27,27
283;hbecdaifGigDFBECahACfHGibDebegiaDfhCdacEhFGbIFHibcgAedEDaGfchibgfhdIBECaCIbaehDgf;0,0,1,1,2,2,2,3,3,0,4,5,5,6,6,7,7,8,4,4,4,5,6,6,9,9,8,10,11,11,5,12,12,12,13,13,10,11,14,14,14,15,16,16,13,10,10,14,17,17,15,15,16,13,18,19,20,21,21,21,22,22,22,18,19,20,23,24,21,21,25,25,18,19,20,23,24,24,21,26,26
284;efiCDghabACdbHfgEIBHGeaidFCFehdibACgIgafcHBdeCdbaGeiHFHbfgedCIagIchFaEBddaeIbcfgh;0,1,1,2,3,3,4,4,5,0,6,1,2,3,3,7,5,5,0,6,1,1,8,8,7,9,9,10,6,11,12,12,13,14,15,9,10,16,11,11,13,13,14,15,9,10,16,16,13,13,13,14,17,17,10,10,18,18,18,18,19,20,17,21,21,21,21,21,22,19,20,20,23,23,24,24,22,22,19,25,25
285;IhAfcdbGeBceaighDFGFdbehCIAHbCGFEdaiDifhABecgeaGcdifhbCEbDGaifhadhibfgECfGiEhCaBd;0,0,1,1,2,2,3,3,4,0,0,1,5,5,6,6,6,4,7,7,7,5,5,8,8,4,4,9,9,9,9,10,11,11,11,12,13,13,13,10,10,14,14,14,12,15,15,16,16,16,17,18,18,18,19,19,16,20,20,17,21,21,22,19,19,23,20,24,25,25,21,22,26,26,23,24,24,27,27,28,28
286;hfcbEiaGddeAGFciBHBIGdAHcfEEbihgdfcacafIbEdhgghDfCabeiIChedBGaFAGEcifHdbfdbAhgeIC;0,0,1,1,2,2,3,4,4,5,6,7,1,1,3,3,8,4,5,6,7,9,9,9,9,8,10,5,6,7,11,11,11,11,12,10,13,13,7,14,14,15,15,12,16,13,17,14,14,14,18,18,18,16,19,17,20,20,21,21,22,22,22,19,19,19,19,23,23,24,25,26,27,27,27,23,23,23,24,25,26
287;hfAgIDBceIegaBCfdhDBcEFhIAgCaFDhbeGigiecaFhbdbhdiGEcfAecIBdGaHFFdbhEagicaghfCiDeb;0,1,1,2,2,3,3,3,4,0,1,1,2,2,2,4,4,4,0,1,1,5,6,6,6,7,7,8,8,9,5,10,11,6,12,12,13,13,9,5,10,11,11,14,12,15,16,9,5,10,17,17,14,12,15,16,9,18,18,19,19,20,21,22,23,23,23,24,24,24,20,21,22,22,25,25,25,26,26,20,21
288;eGAFHciDBfdibEAghCBchgdieaFiaBDcehFGghCabfdEIDfEiGHbcahbGcadfiEaEfhIBcgdciDefgaBH;0,1,1,1,2,2,2,3,3,0,4,4,1,1,5,6,3,3,7,7,8,5,5,5,6,6,9,7,10,8,8,11,11,11,6,9,10,10,12,12,13,13,14,14,9,10,15,15,15,16,17,14,14,9,18,15,15,19,16,17,20,20,20,18,18,21,19,16,22,20,20,23,21,21,21,24,24,22,25,25,23
289;EHcFabGIdbIdEGHfacgafDiChebfdichebGAaGEbfidCHHcbgdAIfEDeGHCFabIIbhaegCdfcfaIbdehg;0,0,1,1,2,2,2,3,4,0,0,5,5,6,6,2,3,4,7,7,8,8,9,6,10,11,4,7,7,12,13,9,6,10,11,11,14,14,12,13,13,15,10,10,16,14,12,12,13,17,15,18,10,16,14,14,19,20,17,18,18,16,16,21,14,19,20,22,22,23,23,24,21,21,25,25,22,22,26,26,24
290;DgbAIfecHAEichgbDfcFHebDGiAIaChGeFbDfhgDAbcEIBdeifCHaGebFgdiahCgiaBchdfehcdfEaIgb;0,0,0,1,1,2,2,3,4,5,6,6,1,1,1,3,3,4,5,6,7,7,8,1,3,3,4,5,6,6,6,8,8,3,9,9,10,11,11,11,12,12,12,9,13,10,10,10,14,14,15,15,9,13,16,17,17,14,18,18,15,13,13,16,19,20,21,21,22,23,23,24,16,19,20,21,21,22,23,23,24
291;ifcHGEDabbdacFIgHeGehbdacfidGIEhCfbAhCfdABieGABefiGhDCfAgiEdBcHEhbgcfAIdcIdabhegf;0,0,0,1,1,2,3,3,4,5,5,5,1,1,2,3,4,4,5,5,6,7,7,2,3,8,4,9,6,6,10,10,2,11,8,8,9,9,12,10,10,13,11,14,8,15,16,12,17,17,13,13,14,14,15,16,16,18,18,19,20,20,14,21,21,21,22,19,19,23,24,24,25,25,22,22,23,23,23,26,26
292;hDeCABGfiFCGHeibaDabigdfcehDIBfCgehacehbIAdgfgfaEHdIbCEafDgchibBHdifeACGIgcabHFde;0,0,1,1,2,2,2,2,3,4,5,1,6,6,6,6,6,3,4,5,7,8,9,9,9,10,10,11,12,7,8,8,13,14,14,15,11,12,16,8,17,13,13,15,15,11,12,16,8,17,17,13,18,15,19,19,19,20,20,21,13,18,22,23,19,24,20,25,21,18,18,22,23,23,24,24,25,25,26,26,22
293;adeBcGfhicIGfhdAeBfHBaeidgcifacgBhdegeHIdFcbadBChaeGiFECiGFHBADbgfDIaEchhADebcIfg;0,0,0,1,1,2,2,2,3,4,0,5,5,6,6,7,7,3,4,0,8,8,6,6,9,9,10,4,11,11,8,12,6,13,13,10,14,15,11,16,12,12,17,13,18,14,15,11,16,19,19,17,20,18,21,15,15,16,22,23,23,20,24,21,21,25,16,22,23,26,26,24,27,27,25,25,22,28,28,29,29
294;GFBcIAHDEidehfgbcaahCBdeifgbiGEhfDACdaficbgehEchgAdfibceidbHagFFBDaGCEHIhgaFeiCbD;0,1,1,2,3,3,3,4,4,0,1,1,2,2,5,3,6,4,7,8,8,2,9,5,10,6,11,7,12,12,13,9,14,10,6,11,15,12,16,13,17,14,18,18,19,15,20,16,17,17,17,17,19,19,21,20,20,22,23,24,24,25,25,21,21,20,22,23,23,26,25,25,27,27,28,28,28,23,26,26,25
295;EcdAiGBhfbFgCehAidAihfdBEcGcdAbfEhGihgidaCfbEFebHgidAcgAeiBDCfHiBCEhfgdadhfgCAiEb;0,1,1,2,3,4,4,4,4,0,1,1,2,3,3,5,5,6,7,1,8,2,9,3,5,5,6,7,8,8,10,9,11,11,11,12,13,14,14,10,15,11,11,16,12,13,14,14,15,15,17,17,16,18,13,19,19,15,20,20,20,16,18,13,21,22,22,22,20,20,23,18,13,21,24,24,25,25,25,23,18
296;gFcbehaIdeBDiAcFHgAhidgfebcdefaIGhCBBgHFcdiaEicahBEGDFFDGCHabEihiEgdbcfacAbeFidgh;0,1,1,2,3,3,4,4,5,0,6,6,2,2,3,7,5,5,8,8,6,2,9,9,7,7,10,11,8,6,12,12,13,13,14,10,11,11,15,15,13,13,13,14,14,16,11,15,17,18,19,19,20,14,16,16,17,17,18,18,19,20,21,16,22,22,18,18,23,23,20,21,24,24,22,25,25,26,26,27,27
297;ahgidBefCdCEGfHbAIfBiECaDGHbdFahigCeIacFEGHbdgEHCbdaIfcibhaeFdgHfdbGcieaegADifchb;0,0,1,1,1,2,2,3,3,0,4,4,5,5,2,6,6,6,7,4,8,5,9,9,6,6,6,7,4,8,10,9,9,11,12,12,13,13,10,10,14,15,11,12,12,13,13,13,16,14,15,17,18,18,19,20,20,16,14,17,17,21,18,19,20,22,22,22,17,21,21,18,23,23,24,24,24,25,25,26,26
298;acgdehBFIBfHIaGcDEdIefCbHgAEgaHBFICdihceDagBffdbGicaEHcBDafiehghafCgeDibGeIbhdfac;0,0,0,1,1,1,2,3,4,5,0,0,6,7,2,2,3,4,5,5,6,6,7,7,8,3,4,9,9,10,10,10,11,8,8,4,12,12,13,13,13,11,8,8,14,15,15,16,16,13,17,17,18,14,15,15,16,16,19,20,17,18,14,21,22,23,23,19,20,24,24,25,21,22,22,26,26,26,24,24,25
299;iebdghcfACahbEFGidDGFcAIEBheFGhIbDachdafCGbeibicAdEfHgfhigbcaDEgbdEHaICFaceIfdHgb;0,1,1,2,2,3,3,3,4,0,0,5,5,2,2,6,4,4,7,7,5,5,8,2,6,9,4,7,10,11,8,8,6,6,9,12,13,10,11,14,15,15,15,9,12,13,16,17,14,18,19,20,20,21,22,16,17,23,18,19,24,21,21,22,17,17,23,18,25,24,21,21,26,26,26,27,27,25,24,28,28
300;hebiaDgfCfIgbCedahcAdHGFbEiichAEbfdgabfDIGHcedGeFhciBaGDieFAcHbeFcGbhaiDbhaCDIeGf;0,0,0,0,1,2,3,3,4,5,6,1,1,1,2,3,3,4,5,6,6,7,7,7,8,3,9,10,11,11,7,12,7,8,13,9,10,12,12,12,12,14,15,13,16,17,18,19,19,20,14,15,13,16,17,18,18,20,20,14,21,21,16,22,18,23,23,20,24,24,25,26,22,18,23,27,27,27,27,25,26