624;efiDghcbAhaCeibdFGBgdfcaihedEaHbcfgifbgIadEChichgFebADadfcEGhiBgiebhfadccHbAdiGef;0,1,1,2,2,2,3,3,4,0,0,1,5,5,5,3,4,4,6,0,7,7,8,8,8,4,4,6,6,7,9,9,10,11,11,12,13,14,15,16,16,10,11,17,12,13,14,15,16,18,18,17,17,12,19,19,15,20,20,18,17,21,21,22,23,23,24,25,25,26,26,26,22,27,27,24,24,25,28,28,26
625;gcaBiDfheedIFhGbcahbfecaigdahDiEfgbccibaghedFfgEdbcAIhdegHfiCAbIfhCaBdEGbacgdehFi;0,0,1,1,2,3,3,4,4,5,5,5,6,2,7,7,8,4,9,10,5,6,11,12,8,8,4,9,10,10,11,11,12,13,13,13,9,14,15,11,16,16,16,17,17,18,14,15,11,19,19,19,20,20,18,21,21,22,22,22,23,24,24,18,21,21,25,22,22,23,24,26,18,27,27,25,25,28,28,24,26
626;gEbhaDCfiChagIfBeDidfebcahgdacfgheiBeiGacbfdhBfhidegacacdBeihgfhbeDfGicaFgIchadbe;0,0,1,2,2,3,4,5,5,6,0,1,1,7,3,4,5,8,6,0,9,7,7,10,4,11,8,12,12,9,7,13,10,10,11,8,12,12,14,14,13,13,15,15,16,17,12,18,19,19,13,15,15,16,17,17,18,19,19,20,20,21,22,23,24,24,25,26,20,27,21,22,23,25,25,25,26,20,27,27,22
627;gadbhEiCfbCigfdhaEheficadbgeiacdhfgbdhGebFaicfbCaigedhaFbdECghiIdehgBcfAcghfaIbEd;0,0,1,1,2,2,3,4,5,6,7,7,1,8,8,3,4,5,6,9,9,1,10,8,11,11,12,13,13,9,1,10,11,11,14,12,15,13,13,16,16,16,14,14,12,15,17,18,16,19,20,20,21,22,17,17,18,23,19,20,24,21,22,25,17,17,23,26,26,24,24,27,25,25,25,23,28,28,24,24,27
628;aehgifcdbigdbcaheffBchedIaGHfadBegiCeciafgdbhbdgchiAFeCaEfdhbgidibEGcFhAghfiabEcd;0,0,1,1,2,2,2,2,3,4,4,4,1,1,1,5,5,3,6,4,4,7,8,9,9,3,3,6,10,10,7,8,11,9,3,12,13,14,10,15,16,11,17,17,12,13,14,18,15,16,11,17,19,19,20,14,18,15,21,21,22,22,23,20,14,24,21,21,21,22,23,23,25,25,24,26,26,27,27,27,27
629;GfBeacdhIeAihDGcbFcdhfIbgeaieDacfBghFcGbHiadEHbAdGEfICAifgBhecDBHecFdiagDgcIeahFB;0,0,0,1,2,2,3,3,4,5,5,5,1,6,6,3,3,4,7,7,8,9,9,6,3,3,4,7,7,8,8,8,10,10,11,4,7,12,8,8,13,13,13,11,4,12,12,14,14,15,15,16,17,18,19,19,20,20,15,15,16,17,18,21,19,20,22,23,23,24,24,18,21,21,21,22,22,25,25,18,18
630;gfbeICDhaecHdAbfgiaidhfgcebCBfgdeAihdhgIcabfeiaebhfgdcfeacghibdhdcFbiEaGbGiAedhcf;0,0,1,1,1,1,2,3,3,4,0,5,1,1,6,2,3,3,4,7,5,8,6,6,9,3,10,7,7,8,8,6,6,9,10,10,11,12,13,13,14,6,15,15,16,11,12,13,13,14,17,17,16,16,18,18,19,19,14,20,20,21,22,23,24,24,19,25,25,20,21,22,23,23,26,26,25,27,27,28,28
631;AibgdHEcfDheicFgBafgcaEbIdhieFDacbHgcdhbFGaeIbAgHieDFcgbachdfiehfiebacgdecdfgIHab;0,0,1,1,1,2,2,2,3,0,0,0,4,4,5,5,6,3,7,8,8,9,4,10,6,6,6,7,8,8,9,11,10,12,13,13,7,14,8,15,11,12,12,13,16,7,14,14,15,11,17,18,16,16,19,19,20,15,17,17,18,21,21,22,19,20,23,24,24,25,25,21,22,26,26,23,27,27,28,28,21
632;hDeibgacfIABfEcDGhFgcDhaBIEAbfECHgdIGeibfdChADCHagifebbfgciehadeHAGdbifccIdHafEbG;0,0,1,2,2,3,3,4,5,0,6,1,1,3,3,3,4,5,7,6,1,8,9,10,11,12,13,7,7,8,8,9,10,11,12,13,14,7,7,15,15,10,16,17,13,14,14,18,18,15,19,16,17,13,14,20,20,15,15,19,16,17,21,22,20,23,24,15,19,16,21,21,22,22,23,24,24,25,25,26,26
633;abigCdEhFdefahbcgiCHgfiebdahgcbeFaidbIEDaHgFcfdAcgIhbegcDibafehiaheFGdCBefBhdcIag;0,0,1,1,2,2,3,3,4,5,5,1,1,6,7,7,8,4,5,5,5,6,6,6,9,8,10,11,12,13,6,9,9,9,8,10,11,12,13,14,14,14,14,15,15,16,17,17,18,18,19,20,20,15,16,17,21,18,18,19,19,19,19,16,21,21,18,18,19,22,22,23,16,24,24,24,25,25,26,26,23
634;aefcbidGhIHdegfbaccgBaDhfEifdibCgehaBcEdhagifgahifecbdefGHacidbdiafebhcGhbcgidAfE;0,0,1,1,2,3,3,4,4,5,5,1,2,2,6,4,4,4,7,8,8,2,2,6,9,9,10,7,7,8,11,12,12,10,10,10,7,13,14,11,15,16,10,16,10,7,13,14,17,15,16,16,16,18,19,19,14,17,20,20,21,21,18,22,22,23,24,25,26,18,18,18,27,27,23,24,25,26,28,28,28
635;diegcabfhacBdfhgieFhgieBcAdgeDBIcfhahacfdgIebbFIhaedgcEdhCgfabicbfaHiedgIgaEbdhcf;0,0,1,1,2,2,3,4,4,5,6,1,1,7,2,3,4,4,5,6,6,8,7,9,9,4,10,5,6,11,8,7,12,12,10,10,13,14,11,15,7,12,16,16,10,13,14,11,15,17,12,12,18,10,19,20,20,17,17,21,21,18,22,19,23,23,24,24,21,25,18,22,26,26,27,27,27,25,25,25,25
636;fDabGihecbiHACegfdgEcdfHabIcgeiafbDhdhFgbcEiaabiehdfcghcdFeaigbifbhdgcAeEagcIbdhf;0,1,1,1,2,3,3,3,4,0,5,6,2,2,7,7,8,4,0,5,6,2,9,9,10,8,11,12,13,13,2,9,14,10,15,11,12,12,16,17,18,14,14,15,15,19,16,16,17,18,20,20,15,21,19,22,22,17,23,23,23,24,21,25,25,25,25,26,26,23,24,27,28,28,25,29,29,24,24,24,27
637;aiDGfEchbechdIbGfabgfChadeifdieachbgCeGbdhIAfhabigfedcgbefCdaiHIfaHegbcddhcabifge;0,1,2,2,2,3,4,4,5,0,1,6,7,2,3,4,4,5,0,1,6,7,7,8,8,8,9,10,1,6,11,11,12,12,8,9,10,6,6,11,13,13,14,15,9,16,17,17,18,19,19,14,15,15,16,20,20,18,18,21,22,22,22,23,23,20,24,18,21,25,22,26,27,27,20,24,28,28,25,25,26
638;GiEcaHbdfCfDiGbEahabhdefIcgdebfhacgIhaIgdcfBefgcebiAhdiHabfgdececgaidhfbbdfhCegiA;0,0,1,2,2,2,3,4,5,0,0,1,6,2,7,3,4,5,8,8,6,6,9,7,3,10,11,12,13,14,15,9,16,16,10,11,12,13,14,15,17,17,16,18,19,20,20,21,22,22,17,18,18,19,20,20,21,23,17,17,24,24,19,20,25,25,23,23,26,26,27,27,28,28,28,29,29,29,29,27,27
639;IAgfbhCedfdcegahbiHEbdciagfdifhegbaCgBhadcFieEcaifbgdhaheGIfdCbcgibhDefAbFdcaeihg;0,0,1,2,3,4,4,5,5,6,0,1,2,3,7,7,7,8,6,9,10,11,3,3,12,12,8,13,9,10,11,3,14,14,15,15,13,16,10,17,17,14,15,15,15,18,16,16,16,19,19,20,21,21,18,16,22,22,23,23,20,24,24,25,25,22,22,26,26,27,24,28,25,29,29,30,30,26,27,28,28
640;adgfhEibcbhfcaIdGeciegDbahfEBcHfagdihFibGdceadgAeicbfhgaHibfEcdfEdAcgHibicbdehfag;0,0,1,2,3,4,4,5,6,7,1,1,2,3,8,9,5,6,7,10,10,11,12,8,9,5,5,7,13,10,11,12,14,14,15,16,13,13,17,11,12,18,14,15,16,19,13,17,11,20,18,14,21,22,19,23,24,11,20,18,25,21,22,19,23,24,26,26,27,25,21,28,29,29,30,30,27,27,31,31,28
641;dfhabicegaCgedhbfieIbfcGHDagBideAfhccaeihfdgbhdfcGbIAeihdbaeGcFfecgidabHbGaHfceid;0,1,1,2,3,3,4,4,5,0,0,1,2,6,6,4,4,5,7,0,1,2,8,6,4,9,9,7,10,10,2,8,11,11,9,9,7,12,12,13,14,14,15,15,16,17,12,12,13,13,18,19,19,16,17,20,21,13,22,18,19,19,16,23,20,21,21,22,18,24,25,26,23,27,27,28,28,24,24,25,26
642;gaFeibDchBcdhafEIgehidgcfabFEhabdcgIiDcgehABfabgcfihedhFabcgidecibfdEGHadgeihabfc;0,1,2,2,3,3,4,4,4,0,1,1,2,5,5,5,6,4,7,1,8,9,9,10,10,6,11,7,8,8,12,12,13,13,6,11,14,15,16,16,17,17,13,6,18,14,15,19,20,20,20,20,6,18,21,22,19,23,23,24,25,25,26,21,22,22,23,27,24,28,29,26,30,30,27,27,27,28,28,29,26
643;hBfgIaecdCgAdBeifheIdFhcabgfdcbeghaIaeiCfhdgbbhgaDicefgfeHCdbiaiahegbFdcdcBiafghE;0,0,1,1,1,1,2,3,3,4,4,4,5,5,5,2,6,6,7,7,7,8,5,9,2,2,6,7,10,10,8,9,9,2,11,11,12,12,13,14,9,15,15,15,16,17,18,13,14,19,19,15,20,16,17,18,21,19,19,22,20,20,23,24,24,21,25,19,22,26,20,23,24,24,21,25,27,27,26,28,28
644;afdhiebgCbeigcfhadhGcadbeifghbFeadCiCafiBdGHeiDechgAFbdchbgifeaFbgeacidheiAdfhCBg;0,0,0,0,1,1,2,3,3,4,5,5,0,6,7,2,8,9,4,5,10,6,6,7,11,8,9,12,12,10,13,13,14,11,9,9,12,15,15,16,13,14,14,17,17,18,15,15,16,19,19,17,17,20,18,18,21,21,22,19,23,24,20,25,18,26,26,22,23,23,24,24,25,25,27,27,28,28,29,29,29
645;EfiCAdBgHahgifbdcecdbhGEfiadiebCFAhghBfaegidcgacdHiebFiGAedChfbfedgbhcaIbchfiAgED;0,0,1,1,2,2,3,3,4,0,5,6,7,2,2,8,3,4,5,5,6,7,7,7,8,3,9,10,10,6,11,11,11,12,9,9,13,10,6,14,11,11,12,12,15,13,10,16,14,14,17,17,18,15,19,19,16,14,20,20,20,18,21,22,23,23,23,20,24,24,25,21,22,26,26,27,27,28,28,25,21
646;efdhGibCagcifabhdeaHbcdefgIdagbCheiffbCiEgdahiehaFdgbcCDFebAiHghgadifCebbiegHcafd;0,1,1,2,2,3,4,4,4,0,1,5,5,5,3,3,4,4,6,6,7,8,8,9,3,10,10,11,11,7,12,9,9,13,13,13,14,14,15,12,16,9,17,18,18,14,14,15,15,16,19,17,20,18,21,14,15,22,16,19,20,20,18,21,14,23,22,16,24,24,25,18,26,26,23,22,22,27,27,25,18
647;bgiHeFcadfdacIbgHeehcgDaiBfhefAcibdggibdhefcaaCdfbgeihifgbahdeCdaeIgcHfbcbheFdAgI;0,1,1,2,3,3,4,4,4,0,5,5,2,6,3,4,4,4,0,5,5,6,6,7,7,8,8,9,10,11,11,11,11,11,12,12,9,10,13,13,14,14,15,15,12,16,10,17,13,18,18,19,12,12,16,17,17,20,18,18,19,21,22,23,24,24,20,25,19,19,21,22,23,23,26,26,25,27,27,28,28
648;cFaDihEBgBHDegFCIaegiabchfdichbdEGaFadgCFIBheFbEgHaDCiGEcfabidhDifHCgaebhabIeDFgc;0,1,1,1,2,3,3,4,4,0,5,5,6,2,7,8,8,8,9,5,5,6,6,7,7,10,8,9,9,11,11,12,12,13,10,8,14,9,9,15,12,16,13,13,17,14,15,15,15,12,16,16,16,17,18,18,18,19,20,21,22,22,23,24,18,25,19,20,21,26,26,23,24,25,25,20,20,27,27,27,27
649;aiehBgfcddbcfIeHagghfcdaBieigBEfcdhahfDagbIecceadhIgbffcHbadegIbagIefCdhedIgcHafb;0,0,0,0,1,1,2,3,3,4,4,5,6,6,6,2,2,7,8,8,5,9,10,10,2,2,7,11,5,5,9,10,12,12,12,13,11,14,15,16,16,17,17,18,13,19,14,15,16,16,20,21,18,22,19,23,15,24,24,20,21,18,22,23,23,25,25,26,21,21,21,27,23,23,28,28,26,29,29,29,27
650;dicEahbfgbEHcfgdiAfgadbihecaFgicdehbebifHacgdhCdbgefaIiaFHdbGCeghbaecidFcDegIfabh;0,1,1,2,2,3,3,4,4,0,0,1,2,2,2,4,4,4,5,0,6,7,7,7,4,8,8,5,6,6,9,7,10,10,10,11,12,6,6,9,9,9,13,13,11,12,14,14,15,15,16,17,13,18,19,20,20,20,21,16,17,17,18,19,22,23,21,21,24,24,17,25,19,22,23,26,26,24,27,27,25
651;eIadbgCfhGhbFcIadEdcfhaebgIiehbfCdagBgcaideHfafdeghicbCdeihfgbafAiGdbHecHbgceafid;0,0,1,1,1,1,2,3,3,0,0,4,4,5,1,2,3,6,0,7,7,8,5,9,10,11,6,12,13,14,8,8,9,10,11,6,12,13,14,8,8,8,15,15,15,16,17,17,18,19,19,20,20,20,16,21,22,18,23,19,20,24,24,21,21,22,23,23,25,25,25,24,21,21,26,26,26,27,27,28,28
652;aGDfIcbehbEhgadIfcicfHbegadcBGihafdEhDibefaCgefadcgHibgheadicbfdAbcfhegiFiceGbdha;0,1,1,1,2,3,4,4,4,0,0,5,5,2,3,6,6,4,7,0,8,9,9,3,3,3,10,7,8,8,9,11,11,11,12,10,8,8,13,14,15,16,17,12,12,18,13,13,14,15,16,17,19,20,18,21,14,14,22,16,19,19,20,21,21,21,22,22,16,23,24,24,25,25,21,22,26,26,23,24,24
653;iehdafbCgfabhgcediCgdIebfhaaciEhdgfbghfBCidaEbdeafgcIHhfagDeibcEbcfiAhgddIgcbHaeF;0,1,1,1,2,2,2,3,3,0,4,5,6,6,7,7,7,7,8,4,5,5,5,9,10,7,11,8,4,12,12,13,9,10,11,11,14,14,14,15,13,9,16,17,17,14,18,14,15,19,9,16,20,20,21,18,22,15,19,9,23,20,20,21,21,22,24,19,19,23,20,20,25,25,22,24,26,26,23,27,27
654;iebdhAgfchCafgbideDgfiecbahgBcaihdEfefhGbdaciAidEcfhBGbhgcAefiDcDibfgeHAfaehdicgb;0,0,1,1,2,2,2,3,3,0,4,4,5,5,6,3,3,3,7,4,4,5,5,6,8,9,9,7,7,10,10,10,11,8,8,12,13,13,13,14,14,11,11,15,12,16,16,13,17,18,19,20,15,21,22,22,23,17,18,19,20,24,21,22,22,23,25,25,24,24,24,21,22,22,23,25,25,25,26,26,21
655;gAefdibhcbhCagEfiDdFihCbegacbhDfageiigdebhAcffeacighdBhIfgacdbeacgBeDiFhedBihFcag;0,1,1,2,3,3,4,4,5,0,0,6,2,2,7,7,4,5,8,8,6,9,9,7,10,11,11,12,12,12,9,9,13,10,14,14,12,15,12,16,9,13,17,17,18,19,15,15,16,9,20,17,17,18,19,19,21,21,22,20,20,23,23,24,24,22,22,22,25,26,26,27,28,28,28,28,28,25,25,25,27
656;dcfgbiaeHaibedhgcfgehfacdBiHgdaFecibfbiDCgehAeacHiBfdgcdabhfigeIhecGaBfdbfgIedHaC;0,0,1,1,1,2,3,4,4,0,0,5,5,6,2,3,4,7,8,8,8,9,6,2,10,4,7,11,11,9,9,12,12,10,4,13,14,15,16,17,17,18,10,13,13,14,15,16,19,20,18,21,22,22,23,15,24,19,20,25,21,21,21,23,23,24,19,26,25,27,27,21,28,28,19,19,26,29,29,30,30
657;dCFHBgeaigbEdiachfaihcfeDbGefaIdBgChchgaEfidbBdighcAFehacbgifediebFcdhgAFGDEahbic;0,1,1,1,2,2,3,3,4,0,1,5,1,6,2,3,3,4,7,8,5,9,6,10,10,11,4,7,8,5,9,12,12,10,11,13,14,15,15,15,12,12,10,13,13,14,16,15,17,18,18,18,19,19,16,16,20,17,21,21,21,22,22,23,23,20,24,24,24,22,22,25,20,20,20,26,26,24,27,27,25
658;heAcgfbiDfGiBdHacebdCiEAgfHAhgDfcEBidifaBehGccbehIGdafiabfHdceggfhecbidAecDgaifhb;0,0,1,1,1,2,2,3,3,4,0,5,6,1,1,7,8,3,4,5,5,6,6,9,7,8,10,11,12,5,13,9,9,14,15,10,11,12,13,13,16,16,14,15,15,11,17,13,13,13,18,18,18,19,11,17,20,21,21,22,22,18,19,23,24,20,21,25,26,26,26,19,23,24,24,24,25,27,27,28,28
659;habfcdigefidegabHccgehibfadaFigdEhcbGeHabcdIfbdcihFaegDhfcEiGbaeBgdahcFIiCAbfgedh;0,0,1,1,1,1,2,3,3,4,4,5,5,5,1,2,6,6,4,4,7,7,8,8,2,2,9,10,10,11,7,8,8,12,2,9,10,10,11,7,13,12,12,14,14,15,15,15,15,13,16,16,17,14,18,19,19,19,20,16,16,17,21,18,22,22,23,20,16,24,21,21,18,25,25,23,20,20,24,26,26
660;eDgciahbfiAbgfhcedFchbdeaigcbeDagifHdHaiefBGcgfihbcedaagfeciDHbhIDaGbFceBecfhdgai;0,1,1,2,3,3,4,5,5,0,6,6,2,7,7,4,5,5,8,8,9,9,9,7,7,5,10,11,8,8,12,12,12,7,13,10,11,14,14,15,15,15,7,13,10,16,17,14,15,15,18,19,20,20,16,17,21,21,15,18,19,19,20,16,22,22,22,23,24,19,25,25,26,26,27,27,23,24,28,28,28
661;hgbAiDecfciagfeHbddFecbHIagAbgecIDfhedcbHfgiafhiDagbEcbefhdAcgigAhiecfdbicdFgbahe;0,0,1,1,2,2,2,2,3,4,5,6,6,6,7,7,2,3,4,5,5,8,8,8,9,9,3,10,5,5,8,11,11,9,9,12,10,13,13,14,14,15,15,16,12,17,18,18,18,19,20,20,16,21,17,22,18,23,19,24,20,21,21,22,22,22,23,25,24,26,26,26,27,27,22,23,25,28,28,29,29
662;aEdHifcgbgfCdBahiebIHcgeaDfhgbIeDFaccdfgahEbieaibfCdhgDhgFcibeAfbaEdgIchicEaHbGfd;0,0,1,2,3,3,4,5,5,0,6,1,2,3,3,4,5,5,7,6,8,2,2,9,10,10,11,7,7,8,12,12,9,10,13,11,14,14,15,15,12,12,16,13,17,18,19,20,20,21,21,16,22,17,18,19,20,23,24,24,24,22,22,25,25,25,23,23,26,26,27,27,28,28,28,23,23,29,29,30,30
663;BeaihFgdcgficeDAhbcdhagbIfefidhaecbgahcgbidefEbgDfchaiDcebihFGAhGbFcaeiDiafedgbCh;0,0,1,1,1,2,2,3,3,4,4,4,1,5,5,2,6,3,7,4,8,9,10,10,11,6,12,7,13,8,9,10,10,11,11,12,14,13,8,8,15,15,15,16,16,14,17,17,17,17,15,15,18,16,14,19,20,21,21,22,22,18,16,23,19,20,21,21,21,24,24,25,23,19,26,26,27,27,28,28,25
664;aBgihcdeFdcfgaEbHihIedBfacgegCAibfDhidAFCHegbbfheGdIaccabheigfdfeiCdghbAghDBfaCie;0,1,1,2,2,3,4,5,5,0,0,0,6,6,3,4,4,5,7,8,8,9,6,6,10,10,10,7,8,8,9,11,11,12,12,10,13,13,13,13,11,11,12,12,14,15,15,16,13,13,11,17,17,14,15,18,16,19,19,20,17,17,17,18,18,21,22,20,20,20,23,23,24,24,21,22,22,22,25,25,23
665;hCFGdIabedgiabeHFcbeAcHFGideIDbghCafcAGFEDIHBfbhIcaEdgGdchibfeaifbeAcDghaheDfGBCi;0,0,1,2,2,2,3,4,4,0,1,1,5,5,6,3,7,4,8,1,1,1,9,6,10,7,11,8,8,12,12,9,10,10,13,11,8,14,12,12,10,10,10,13,11,15,14,14,14,16,17,17,18,18,15,15,19,20,16,17,21,21,18,15,22,19,20,20,23,23,21,18,22,22,19,20,20,24,24,24,24
666;HgfIeCdabaiCbdgEfhebdAfHigcbaiHcefdgdFhgBaceigcediFbhaihbfgdacefegcabhidcdAeHigBf;0,1,1,2,2,3,4,4,5,0,6,6,7,2,3,8,5,5,0,6,9,7,2,10,8,5,5,11,9,9,12,12,10,10,13,14,11,15,15,12,12,13,13,13,14,16,15,15,17,17,17,18,14,14,16,16,16,19,19,18,18,20,20,21,22,22,23,23,24,24,20,25,21,26,26,27,27,24,28,28,25
667;gcHabeifdIbegfDhcaafdichbegDeGfhicAbBhcEagFdifiabdceghhafcgbdIeegbdIfahcCdiheAgbF;0,1,1,2,3,3,4,4,5,0,6,7,2,3,3,8,4,5,9,6,7,7,7,10,8,11,11,9,9,7,12,12,10,13,13,14,15,15,15,16,16,17,18,19,14,20,20,21,21,22,17,18,19,19,20,23,23,21,22,22,18,24,25,23,23,26,21,27,28,24,24,25,29,29,26,21,27,28,24,30,30
668;hebiaDgfCfIgbCedahcAdHGFbEiichAEbfdgabfDIGHcedGeFhciBaGDieFAcHbeFcGbhaiDbhaCDIeGf;0,0,0,0,1,2,3,3,4,5,6,1,1,1,2,3,3,4,5,6,6,7,7,7,8,3,9,10,11,11,7,12,7,8,13,9,10,12,12,12,12,14,15,13,16,17,18,19,19,20,14,15,13,16,17,18,18,20,20,14,21,21,16,22,18,23,23,20,24,24,25,26,22,18,23,27,27,27,27,25,26
669;ihgafcEbdbfagediHccedBhigfafCbeaHdigdahigfbcEgiedcbFAhebicDaHgfhgCfIeadbAdFhbGcei;0,1,1,1,2,2,3,3,4,0,5,5,6,6,7,3,8,4,0,5,5,6,9,7,10,8,4,0,11,12,12,9,13,10,14,14,15,11,11,16,13,13,17,17,17,15,18,11,16,13,19,19,20,20,21,18,22,16,13,19,19,23,23,21,21,22,22,24,24,25,26,26,27,27,28,28,25,25,25,29,29
670;cfiadbgEhehgcfidAbbdaghEciFgAcdbFihedBhEIGfcafiehcabdgaebigdhfCIcFbahegdhGdfecAbi;0,0,1,1,2,2,3,3,4,0,5,5,6,2,7,3,3,4,5,5,5,6,6,7,8,4,4,9,10,11,11,6,7,8,12,4,9,10,13,13,14,15,16,12,17,18,18,19,19,14,15,16,20,17,21,21,19,22,14,23,20,20,24,21,21,25,22,26,23,27,27,24,28,28,25,22,26,23,23,29,29
671;AhcegfBidiDEHbcAfGbGFDIAhecgfhCDIebadBAGFeiChEciahbdGfhiBFcdgaecAgbEhfdIfediaGChB;0,0,1,2,3,3,4,4,5,0,0,1,2,2,6,4,7,5,8,8,9,10,11,6,7,7,7,12,13,9,10,11,14,14,15,15,12,13,9,10,11,16,16,15,15,12,12,17,10,11,11,18,15,19,12,20,17,21,22,22,18,23,19,24,20,21,21,25,26,18,23,19,24,27,27,27,25,26,28,28,28
672;bgDhfceiahEiGbafcdafCdiebhgIabfeDHgcdcFIghabeehgcabIDfGdeahicfBciabdfgehfbheCgdaI;0,1,1,2,3,3,4,4,4,0,1,2,2,3,5,5,4,4,0,6,6,7,3,3,5,5,8,9,6,10,7,7,11,12,5,8,9,9,10,13,14,11,12,15,8,16,9,17,13,14,14,15,15,15,16,17,17,18,19,19,15,20,20,16,17,21,18,19,19,20,20,20,22,22,21,23,23,24,24,25,25
673;fgdeicahbaiEbHfGCdhcbgdAfieiAgceHDBfbhfdaiegCedcfgbhaicEahBdifGdfHicgBeagbiafecdh;0,0,1,2,2,3,4,4,5,6,7,1,8,3,3,3,9,5,6,7,1,8,3,3,10,9,11,12,13,14,14,14,15,10,10,11,12,13,13,14,16,15,17,17,18,19,13,13,20,16,15,21,22,18,19,23,24,20,16,25,21,22,26,23,23,24,20,27,25,28,22,26,23,29,29,29,27,27,28,30,30
674;aEbdfhigCifCGeAHDbhGdBIceFAGahIDFcbEeDiHcbfagbcfagEdhiCHefAgbiddbAchigefFIGEbDAch;0,0,1,1,2,2,3,3,4,5,0,0,1,2,2,6,6,4,5,5,7,7,8,2,6,9,10,11,11,12,12,8,13,9,9,10,11,11,14,14,8,13,15,15,10,16,16,17,18,8,13,13,19,19,20,17,17,18,21,21,21,21,19,20,22,23,23,23,24,25,25,19,22,22,26,26,26,24,25,27,27
675;gadiBecHffeicahdbgBchGdfieacIfaGbedhhbGECdfaiadefhIbgCifbhegaCDdgcbfahieeHadIcgfb;0,0,1,1,2,2,2,3,3,0,0,4,5,5,6,7,3,8,0,9,4,10,10,6,7,7,8,11,9,4,12,12,13,14,14,15,11,16,4,4,17,13,18,18,15,16,16,19,19,17,13,20,20,21,22,23,23,24,25,13,20,20,21,22,23,23,24,25,13,26,26,27,28,28,23,24,29,29,26,26,27
676;ibFcdaehggchfieDbAeadbhgcifbgadFhiCeDfiaeCBghHEciGbfAdFdGHbiaecaiegCDhfbchbEafgDI;0,0,1,2,3,3,4,4,4,5,5,1,2,6,3,7,7,8,9,5,5,6,6,3,3,10,8,9,11,11,12,13,13,14,10,15,9,16,17,12,13,13,14,10,15,16,16,17,18,19,19,20,21,21,22,23,23,18,24,24,20,25,25,22,22,26,27,27,28,28,29,30,22,26,26,27,27,28,28,29,30
677;hdfcgBiaeIbgdaecfhaecfihbgdefdabghicBgIhDcAEfcHaeFidbgDIebcfghAfCbghaedIgahiedfcB;0,1,1,1,2,2,3,3,4,0,5,5,6,7,7,8,4,4,0,0,9,6,7,8,8,4,4,10,10,9,11,12,12,12,13,14,15,16,11,11,17,18,13,13,14,15,16,19,19,17,18,13,20,20,15,21,22,22,23,23,24,25,20,26,21,21,22,22,22,24,25,20,26,21,27,27,28,28,24,29,29
678;gafbcDehIcdBiheagFiehfgAcdBabCgdhfieEfdaIcgbhhigebfDcafgIdeBhAcDCehaibfgbhacfgied;0,1,2,2,2,3,3,4,4,0,1,5,5,5,6,3,4,4,0,7,7,8,5,6,3,9,9,10,10,8,8,5,6,11,9,12,10,10,13,13,14,14,11,11,12,15,15,13,13,14,14,16,17,17,15,15,13,18,18,19,16,16,20,21,21,21,18,22,19,23,20,20,24,24,25,25,22,19,23,26,26
679;ciFBgaheDHaDecifgbebgfhdcaibdigacEhfaFCiehBdGGheDbFicAieahdbgfcfchaigdbEdgbcfeaih;0,0,0,1,2,3,3,4,4,5,5,6,1,2,3,3,7,4,5,5,6,8,2,3,7,7,4,9,9,6,8,8,10,10,10,11,9,12,12,13,8,14,14,10,11,15,15,12,13,16,16,16,16,11,17,17,18,13,19,20,16,21,22,23,18,18,24,19,20,21,21,22,23,23,24,24,19,25,25,26,26
680;AcdbEhfIgebHgifCdagifdacbhehfIabdgecbgcihedaFdeacfgibhIdEfcAhgbchgEdBafiFabhgIecd;0,1,1,1,2,2,2,3,3,0,4,1,5,6,6,6,6,7,0,4,5,5,8,8,9,7,7,10,10,10,5,8,9,9,11,11,12,12,10,13,13,13,14,15,15,16,12,17,13,18,14,14,19,19,16,20,17,21,18,22,22,19,23,24,20,17,21,25,25,26,23,23,24,20,17,21,27,27,26,28,28
681;hbgaEficdcAiGdhebfdfeBciahgghbeaCFdiaefhidCgbidcFgBhaefchDbegiaegdihAbfCbIAcfGdeh;0,0,1,1,2,3,4,4,5,6,0,0,2,2,3,4,4,5,6,7,0,2,8,8,9,9,9,10,7,11,11,12,13,9,9,14,10,10,10,15,12,13,16,17,14,15,15,15,15,18,13,16,17,19,20,21,21,22,18,23,23,24,19,20,25,25,22,18,18,23,24,26,27,27,27,27,28,28,23,26,26
682;afGbcdHeihCegiaFdBiDBhfecgaehfcaidbgGicfdbAhebaDeHgicfcGaDefbihdeiabHgfcfbHigcead;0,0,1,1,2,3,4,5,5,6,7,8,8,2,3,4,9,9,6,7,7,10,2,11,12,13,13,14,14,10,10,11,11,12,12,15,14,16,16,17,11,18,19,19,15,14,20,16,17,18,18,18,21,21,22,20,16,17,23,18,24,24,25,22,20,20,23,23,23,24,24,25,22,26,26,27,27,27,27,28,28
683;aeiBcfdhgfHCdaGibedgBehifcacfdgBhaeIgaEfiChdbbihaeDcGfHcgifbEadIdAcgebfhebfhdagic;0,0,0,0,1,2,2,3,3,4,5,0,6,1,7,7,8,8,4,5,9,6,10,10,7,7,11,4,12,9,13,13,14,14,15,11,16,12,12,13,17,14,18,15,19,16,12,12,20,17,21,18,22,19,16,16,20,20,23,21,21,22,19,24,16,25,25,23,26,26,27,27,24,24,28,28,23,23,26,27,27
684;AefcGbHdibicdHFgeaGhdiEabcfcfeBaidhGibghdeafchdAFCGibefcigbheAddabeicfgheGhafdcib;0,1,1,1,2,2,3,3,4,0,5,5,1,6,6,7,4,4,8,8,9,10,10,7,7,4,4,11,8,9,12,13,13,14,4,15,11,11,16,12,17,13,14,18,15,16,16,16,19,17,17,20,18,21,16,16,22,19,19,23,20,24,21,25,25,22,22,23,23,23,24,24,25,25,22,26,26,27,27,28,28
685;ADEgcfhiBfiBhEagdchgcBIdeafbefcagihdihgfdbceadcAiHefbggahdFibCecbDeGhafiefIabcdgh;0,0,1,2,2,3,3,4,5,6,6,1,7,8,8,3,4,5,9,9,7,7,10,10,10,4,4,9,9,7,11,11,12,13,13,13,9,14,14,15,15,12,13,13,13,16,14,14,17,17,18,19,20,20,16,16,21,21,17,18,19,22,22,23,16,24,21,21,18,18,25,26,23,23,24,27,27,28,28,25,26
686;GEdhibcaffcIagEhDbahbdfcgeiIfABchegdCbHgedfIaedgiafbchbiefdgahcdGfchaiBehAcebIdfg;0,1,1,2,2,2,3,3,3,0,0,4,2,5,6,6,7,3,8,8,4,4,5,9,9,7,10,11,11,12,13,5,5,5,14,10,15,12,12,13,16,17,14,14,14,15,18,19,19,16,17,17,14,20,21,18,18,19,16,17,17,17,20,21,18,22,22,23,23,24,25,25,21,26,26,27,27,27,24,24,24
687;gEhCafIBDbCDgiefahifabDHgCECbedhGaifahFIeCBdgdIgaFbheCHaIfcDeGbFdbegichAeGchBaDFi;0,0,1,2,2,2,2,3,3,4,4,1,1,5,6,6,3,3,4,4,1,1,5,7,7,3,8,9,9,9,9,10,10,10,3,8,11,11,11,9,12,12,12,13,14,15,15,11,16,12,17,17,13,14,15,15,16,16,18,18,19,20,20,21,22,22,22,22,22,19,19,19,21,23,23,24,24,25,25,26,26
688;dAgHcbfiefhbaIeCgdeIcGDfAbhbdheaigFcGfadhcbeiceIfBghdaabdighecficfbeadhGhgEcfdIab;0,1,1,2,3,3,4,4,4,0,5,1,2,6,6,7,7,7,8,5,1,9,9,10,11,7,7,8,8,12,9,10,10,11,11,13,14,14,12,15,15,15,16,17,13,18,18,19,19,15,16,16,17,20,21,22,19,23,24,24,16,20,20,21,22,25,23,23,26,26,20,20,27,27,25,25,28,28,28,29,29
689;hidabEcgfcfagdhBeiegbiFchaDaEfCIbdhgbhidagefcgdCehfaiBicgbEAfdHfbEhgdicadaHfCigbe;0,1,1,1,2,2,3,3,3,0,0,4,4,2,5,5,6,6,7,8,4,4,9,9,10,11,11,7,8,12,12,13,13,10,14,11,7,7,15,15,13,16,16,14,14,17,17,18,15,13,19,16,20,20,17,17,18,18,21,19,22,22,23,24,25,25,26,21,21,22,27,23,24,28,28,26,21,29,29,27,27
690;fbiecghdaeadbfHgcIGCHdiafebhFAidCebgCdBgheaifiegfaBdhcdgcaeIbfhbieHgFcadahfcbdiGe;0,0,1,1,2,2,2,3,4,0,5,6,6,2,7,7,3,4,8,5,5,5,9,9,9,10,11,8,12,12,12,9,9,9,10,11,8,13,12,14,14,14,15,10,10,13,13,16,17,18,18,15,15,19,20,21,16,17,17,18,15,15,19,20,21,16,22,17,23,24,19,19,20,25,25,22,23,23,24,26,26
691;dAichBfgeBhfedgciagecIafhdbfdbhGiAEchcedfAGbiigaBEcdhfCFdgiebahaihfbdecgebgAchiFd;0,0,0,1,2,3,3,4,4,5,6,6,1,2,3,3,7,4,5,5,8,1,9,10,10,7,7,8,8,8,8,9,11,11,12,12,13,14,14,15,16,16,17,17,12,13,13,13,15,15,17,17,18,19,20,21,21,22,22,23,24,18,19,20,25,25,25,26,23,24,24,27,20,20,28,28,26,23,29,29,27
692;hFabigdEcCdiAfehgbbeghdciafiadechfbgfHBigacdeEGcfbdAhiacHgefBidDbechigfagiFDabecH;0,1,1,2,2,2,3,3,3,0,4,4,2,2,5,6,6,3,7,8,4,9,5,5,5,5,5,7,8,9,9,10,10,11,11,12,13,13,13,9,14,10,15,12,12,16,16,16,14,14,17,15,18,18,19,19,19,19,20,17,15,21,21,22,19,23,20,20,17,24,25,21,22,22,23,26,26,24,24,25,25
693;eGadhbFiCdhciFagebFbiEgCdahBEhaidcfggaFceHbdiicdgbfaheaiefcghbdhdgBaiecfcfBhDEiga;0,1,2,2,3,3,4,4,5,0,1,1,1,6,6,7,7,5,8,1,9,10,6,11,7,12,12,8,13,9,10,6,11,7,14,12,8,13,13,15,16,16,16,14,17,18,19,19,15,20,20,21,21,17,18,22,19,23,23,20,24,24,17,18,22,19,23,23,25,25,24,26,27,27,27,28,28,29,29,26,26
694;eahfBigcdbdicGaeHfcgfhdeabiacdbighfEhfeAcdigBiBgeFhDAcFhadecbiGgebiHfcdAdicgabfeh;0,0,1,1,2,2,3,4,4,0,1,1,1,5,5,3,6,7,8,9,9,10,10,11,11,6,7,8,9,12,11,11,11,13,6,14,15,12,12,16,13,13,13,14,14,15,17,12,16,18,18,14,14,19,15,17,20,20,21,18,22,22,19,23,20,20,24,21,25,26,26,27,23,28,28,24,21,25,27,27,27
695;AheiFbdgCibdgAChfecgFhdeIAbgEafbdchIbciaehfdGdfhcgiebahigdcAbefeacbhfgiDfdbeigAcH;0,1,2,3,4,4,5,6,6,0,1,2,3,3,7,5,5,8,9,10,2,11,3,7,5,12,8,9,10,2,11,11,13,13,12,8,9,10,14,14,15,15,13,16,16,17,17,18,19,15,20,20,21,21,22,22,18,19,23,20,20,24,24,25,18,18,26,23,23,27,28,28,25,18,18,26,23,23,27,27,28
696;beAdgIHcfigfcHAdebcdhBefgAifadIcbeghgCbEfhaidhiegADfbCebihdgcFaahcfbeidgdfgaiCbhe;0,1,2,2,3,3,4,5,5,0,1,6,6,3,7,4,4,5,8,1,9,6,6,7,7,4,10,8,11,9,9,12,12,13,10,10,14,11,9,9,9,15,13,16,16,14,17,17,18,15,15,19,16,20,21,17,21,18,18,19,19,22,20,21,21,21,18,18,23,23,22,20,24,24,21,25,25,23,23,26,26
697;fhCGbedaideiahfbGcagbdCihefcIafGdeHbhBeciagfdgdfbeHciaBfGhaCideeahiDbfcGicdefgabh;0,1,1,2,3,3,3,4,4,0,0,1,2,5,5,4,4,6,0,7,7,7,8,5,9,10,6,11,11,7,12,8,13,9,10,6,14,15,15,12,8,13,16,16,17,14,18,18,12,13,13,13,19,17,20,20,18,21,21,22,22,19,19,20,18,18,23,23,23,22,19,19,24,24,25,25,23,26,26,27,27
698;eadicgHbfiCFbhdgEaghBEaficDcfaHgbdiEdihceaBfgbegDficahabegdcfHiFdCaihegbhgifbeadc;0,0,0,1,2,3,3,3,4,0,0,1,1,2,2,5,3,4,6,7,7,7,8,8,5,9,9,6,7,7,10,8,8,11,9,12,13,13,13,10,14,14,11,11,12,15,16,16,14,14,14,11,17,18,15,19,19,19,20,20,20,17,18,21,19,22,19,23,24,20,18,18,21,21,22,23,23,24,25,25,18
699;HcdfaIegbaiegdbfcHBfghecIadegfCbhadidhieGacBfcabDIfheggbAihedfcidcafGbhEFehbcdgia;0,0,1,1,1,1,2,2,3,4,4,4,5,6,7,7,2,3,8,8,4,5,6,9,7,7,3,10,11,4,12,9,9,13,13,14,10,11,15,12,12,9,16,16,14,10,15,15,15,17,16,16,16,18,19,19,20,21,17,22,22,22,18,23,24,20,21,25,25,22,26,18,23,24,27,27,28,28,22,26,18
700;eagdfbihchBdecIGAFcfihagdBEdihCbafeGbgcfDeHiaFeagihbcdacbigdefhghfbeCadiideaHfcgb;0,1,1,2,3,3,4,5,5,0,6,6,2,3,7,4,4,5,8,8,9,10,10,7,11,11,12,13,13,9,9,14,15,15,16,12,17,17,17,18,14,15,16,16,19,20,20,17,18,14,21,21,22,19,20,20,23,23,24,24,25,22,26,27,28,23,29,30,25,25,22,26,27,28,28,29,30,31,31,22,26
701;caeghbfidfgdeaIbhcbHifcdeagibhcgeadfedgAbfhciacfdihgBegIcbeadFhdebHfCiGaHFaiDgceb;0,0,1,2,2,3,3,3,4,5,1,1,6,7,7,7,8,4,5,9,9,6,10,10,11,8,12,13,13,13,13,10,10,11,11,12,14,13,15,15,15,16,11,11,17,14,18,15,19,19,16,20,20,17,14,18,21,22,22,23,24,25,25,21,21,21,26,27,23,24,24,24,28,28,28,26,27,29,29,30,30
702;efbihAGCDaCGedfBIhhDiGbcaefbhcAEDifggEFCIHdbadiafgbeHcFGDbcehaiiAeHFGcDBcBhdaifgE;0,0,1,1,1,2,3,4,4,5,0,6,6,1,2,3,4,4,5,0,7,8,8,8,3,9,9,10,7,7,11,8,8,8,12,13,10,10,14,11,15,16,12,12,13,17,10,14,11,15,16,18,13,13,17,19,19,20,21,21,18,22,22,23,23,19,20,24,25,25,26,26,27,27,28,28,24,24,25,26,26
703;BigefHcdacfhagDeBidEAbiChfghbideagcfgdeicFahbfAcghbdieagfcdibEhIcbHaefgDehdfbgiac;0,1,1,1,2,2,2,3,3,0,1,1,4,4,2,2,5,5,6,7,7,8,8,8,9,9,10,6,6,7,7,11,12,12,13,10,14,15,15,16,11,17,13,13,18,14,19,16,16,20,17,13,18,18,21,19,16,20,20,22,22,23,23,21,24,24,25,25,26,26,26,26,27,27,28,28,25,29,29,29,26
704;hbaGFcIedfgeadihCBdciebHFagbdgiceafheihDaFGbcafcHgbedicHdfiAbgeGefbhdciaiabcegdHf;0,1,1,2,2,3,3,4,4,0,0,5,5,2,6,3,7,7,8,9,10,10,10,6,11,12,12,8,9,13,13,14,14,11,15,12,16,9,9,17,14,14,18,15,15,16,19,17,17,17,17,18,18,18,16,19,20,21,21,21,22,22,23,16,24,20,20,25,21,23,23,23,24,24,25,25,25,26,26,27,27
705;gAbhedIfchdigfcBEaecfbaiDhgfbcIgeadhahedbfgcIdigachEBfcFaEibhgdbgdfhAcieiehcdgFab;0,0,1,2,2,3,3,4,4,5,5,1,6,6,7,3,3,3,8,5,5,5,9,7,10,11,11,8,12,12,9,9,10,10,11,13,8,14,12,9,15,15,13,13,13,16,14,12,17,17,18,18,19,19,16,20,12,21,22,22,23,23,24,25,20,26,21,27,27,28,23,24,25,25,26,29,29,28,28,24,24
706;DfgeHIabcbAigfcedhhceDbAGifciahebfgdeghfcdiABfbdaigHceAdfcghbeigebidfChaihcbAedfG;0,0,1,1,1,2,2,3,3,4,5,5,6,6,7,7,7,8,4,4,9,9,7,7,10,10,8,11,12,12,9,13,13,14,15,8,11,11,16,9,17,17,14,15,18,11,19,16,16,20,17,21,21,18,19,19,16,20,20,17,22,22,22,23,24,24,25,25,26,26,22,22,23,23,27,27,25,28,28,29,29
707;GibecHafdadeifbGhchcfdgabiecfagedibHihdabFCeGBeGChIfdafghbdceaidacfiehGBeBihagdCf;0,0,1,2,3,4,4,4,5,6,6,1,2,3,3,7,7,5,1,1,1,8,8,9,7,10,11,12,13,13,14,8,9,15,10,11,12,12,12,14,16,15,15,17,18,12,19,19,19,16,16,20,17,18,21,21,22,22,23,23,20,17,18,24,21,22,22,23,25,20,17,26,24,21,27,27,25,25,28,28,26
708;acbhgfDiedHfiaecbgGiecdbHfafgdeChbaIbEhAFigcdiacgbdehFEfgbicadhhBIdeafgccdafhgIeB;0,0,0,0,1,1,2,3,3,4,4,0,0,1,5,2,3,3,6,4,7,7,7,5,5,5,8,6,9,9,10,10,11,11,12,8,13,13,14,14,14,11,11,12,8,15,16,16,16,16,17,17,17,18,15,15,19,19,19,17,17,18,18,20,15,21,22,22,23,24,18,25,20,20,21,26,26,23,24,25,25
709;ieaCbhfdgbDhgfeiAcgfcdiabHeeaifhBgcdcgbiAdeFHfhDEcgaibdieAgchbfaBghdFceiHcfbeidGa;0,0,0,1,2,2,3,4,4,5,0,0,1,1,6,3,4,7,5,8,9,1,6,6,10,10,7,11,8,9,12,12,12,10,10,7,11,8,13,13,14,15,16,16,17,11,18,18,19,14,15,15,15,17,20,21,18,19,22,23,23,24,24,20,21,18,22,22,23,25,25,26,20,27,27,27,22,28,28,26,26
710;iAfdbcEghbhcAegifDdEGFhiacbFidBgechacBhiafgdEaGehcdfbiefbgdahIcGdacihbefhciEfbdag;0,0,1,2,2,3,4,5,5,0,6,1,7,7,3,4,4,8,9,6,6,10,11,12,12,13,8,9,14,14,10,11,12,12,13,15,9,14,10,10,11,16,12,17,15,18,18,19,20,16,16,21,17,15,22,19,19,20,23,21,21,17,17,22,24,20,20,23,25,26,26,27,22,24,24,20,25,25,28,28,27
711;edBaHFIgcfihgbCdaegaciedfhbcbafdhgeiihEbGacfdDgfeciHbAafgdIebChbcdhaGeifheicfbAdg;0,1,1,2,2,3,3,3,3,0,4,1,1,2,5,5,3,6,7,4,4,8,8,8,9,10,6,7,7,11,11,11,12,9,10,13,14,15,16,11,11,12,9,10,13,14,15,16,17,17,12,18,18,13,14,19,20,21,17,22,22,23,23,14,19,20,21,21,24,25,25,26,27,27,28,28,21,24,24,26,26