401;gceAbFhdibdheIcfaGiAfghDCeBcHbiaegFdaigdfhBcefedcGbaihhbaFeIdgcDGibcaehfEfChdgIBa;0,0,0,1,2,3,3,4,5,6,0,7,1,2,3,4,4,5,6,8,7,1,9,3,10,11,5,12,8,1,1,9,10,10,11,11,12,8,13,9,9,10,10,14,15,16,16,13,13,17,18,18,14,15,16,16,19,19,17,20,20,14,21,22,22,22,23,17,20,24,21,21,25,25,22,23,17,24,24,21,21
402;CdEbIhGfabaieFgdhcFhgCDaeIbgIAhcfbedhEbagdfcidcfibEHagAfCdhbiGeigdfecabHebHgAicdf;0,0,0,1,1,2,2,3,4,5,6,0,1,1,3,3,3,4,5,6,0,7,7,3,8,8,8,5,5,9,7,10,10,10,11,12,13,9,9,14,15,15,11,11,12,13,16,16,14,17,17,17,18,12,13,19,19,14,14,14,20,18,12,13,19,21,20,20,20,20,18,22,23,23,21,24,24,24,25,25,22
403;GbhficeadifdeagchbeCadHbFgIdIbhcegfaahcgFdBiEfegabihDchGebdaiCfBdiCgFAehCAfIehdbG;0,0,0,1,2,2,2,3,4,5,6,0,1,1,1,1,3,4,5,6,7,8,8,9,9,10,11,12,12,7,13,14,14,15,10,11,12,12,7,13,16,16,15,17,17,18,7,7,13,19,16,20,21,21,18,18,13,13,19,16,20,20,21,18,18,18,22,22,23,20,24,24,25,25,25,22,22,23,26,26,26
404;fhIGdcebaCaeibfHDgbdgaEhfCIacDBHigefgbhdfeIaceifcaGbHDDfahgbciehecfiadGBigBecDafh;0,0,1,1,1,2,3,4,4,0,0,5,5,1,2,3,3,4,6,7,7,8,8,8,9,9,10,6,11,8,8,12,8,9,9,10,13,11,14,14,12,15,15,15,16,13,11,11,17,17,18,18,16,16,19,20,20,20,21,21,22,23,23,19,19,24,24,24,22,22,23,25,26,26,27,27,28,28,28,28,25
405;gdeahibfciahcbfEdgFBCGdeahihiABfgcedbfDechgiaeCgDIaHBfaGFiEbdchDeihAcfGBchbfgdiae;0,1,2,2,3,3,3,3,4,0,1,5,5,6,6,3,3,4,7,7,8,8,8,6,9,9,10,7,7,7,11,11,6,6,12,10,13,14,14,15,11,16,17,12,10,13,14,18,15,16,16,17,19,20,13,14,18,18,21,16,16,19,20,13,22,22,21,21,23,23,23,24,13,25,25,26,26,23,23,24,24
406;eFhGBAcdigbdichaefcaiFEDghBDCahfeibgiegbachfdbhfdgIeCaaiecdFbghhDBeigFaCfgcaHbdIE;0,0,0,1,2,2,3,4,4,0,5,0,1,2,2,3,4,4,6,5,0,1,7,7,7,8,8,6,9,10,10,11,11,12,12,13,14,9,9,15,15,11,16,12,13,14,17,18,15,19,19,16,20,20,14,17,18,21,22,22,23,23,24,14,17,17,21,25,22,26,26,24,27,27,27,27,25,22,28,28,28
407;idfagEcBheHcibfDAgbgahDceifdaigfBHcEHebdcagfICFgehiadBgcdbIhfeafBEcagihdaIhFeDbgc;0,0,0,1,2,2,3,3,4,5,6,1,1,7,7,3,3,4,5,6,8,1,9,9,10,4,4,11,6,8,12,9,9,10,13,14,11,15,8,12,16,10,10,13,14,11,15,17,17,16,18,19,13,14,20,20,21,21,21,18,19,22,14,23,24,24,25,26,27,27,22,28,23,24,24,25,26,26,22,22,28
408;GiecHbdafahBgfdceidcfEaihgbbahdcefigEdgAIfbHCIfcbGhaDEhEAIbcGfdcgDfeAibhfbihDgeca;0,1,1,1,2,2,3,3,4,0,0,5,5,6,2,7,3,4,8,8,5,6,6,7,7,9,9,8,8,10,11,11,12,13,9,14,15,16,10,17,18,12,13,19,14,15,16,20,17,18,21,19,19,22,15,23,20,17,18,21,21,24,22,23,23,25,25,18,26,26,24,22,23,27,27,28,28,26,26,26,22
409;idbghcEAfFhabIECdgGCeadfihbDicFBgaehAbgheDfCieFhiCaGbdceidFHbgabgdcaihfeHafegbdic;0,1,2,2,3,4,5,5,6,0,1,3,3,3,4,5,5,6,7,7,7,8,9,10,11,11,11,7,7,12,8,9,10,13,13,13,14,14,12,15,9,16,17,17,13,12,12,12,15,18,16,16,19,13,20,21,21,15,18,18,16,19,22,20,20,20,15,23,18,22,22,22,24,24,25,25,23,18,22,26,26
410;egabfcHdIbfIHaDGCedchegiafBAebfdhcigchfaIgbEdidgCbefhagbcieFdAHhaEDcBIgfFidghaebc;0,0,0,1,1,1,2,2,2,3,3,4,4,4,5,6,2,7,8,8,9,9,9,5,6,2,7,10,8,11,9,9,12,12,13,13,10,14,11,15,12,12,12,12,13,14,14,11,15,16,16,17,18,18,19,19,11,20,20,20,17,21,22,19,19,23,24,25,25,26,21,22,19,19,23,24,25,25,26,21,22
411;abhgDceFiecGbifdahifdEaHgBcGdcfeiahbheAcGbIDfbifdhacEgcaihfdbgedHEibGFCaFgBacehiD;0,0,1,1,2,2,3,3,4,5,6,7,7,2,2,8,8,4,5,6,6,9,10,2,8,8,11,12,13,13,9,10,14,14,8,11,12,12,15,9,16,17,17,18,11,19,20,15,9,16,21,17,18,11,19,20,9,9,22,21,21,18,23,24,25,26,26,22,27,27,23,23,24,25,25,26,26,27,27,28,28
412;hIcfgAbedbEaicdfhgdFGEbhCiagcdhiFeabeaicDbhGffbhGaEidcigbaecdfhadfBHIGceCheDFgabI;0,0,1,1,2,2,2,3,3,0,4,5,5,6,6,6,7,3,8,4,9,9,10,10,11,7,7,8,4,9,12,10,10,11,11,11,13,13,14,12,10,15,11,16,17,18,14,14,19,20,15,16,16,17,18,18,21,19,20,20,22,23,17,24,25,21,19,26,22,22,23,27,24,25,28,28,26,26,22,22,27
413;gfbiacDhEidCehFbgahAebDgficebdgcIhafciHAfEGdbFgaHbdecibhifGacEdacfDehIbgDEGcibafh;0,0,0,1,1,2,2,3,4,0,0,5,1,1,6,7,3,4,8,9,5,1,10,6,7,7,11,8,9,12,13,10,6,14,14,11,15,9,12,13,13,14,14,11,11,15,9,12,13,16,16,17,18,18,19,20,12,21,22,17,17,23,18,19,20,24,21,22,22,22,23,25,24,24,24,21,21,26,26,23,25
414;bihfAcdegfecgDiaBHgadBEHCfIdgEcibfhaafidHebGcChbagfIdeiDFhcgEAbebgifahcdhcaEbdGif;0,1,2,2,3,3,4,5,5,0,1,6,2,7,4,4,8,9,6,6,6,10,7,11,11,8,9,12,12,12,10,7,13,11,8,9,12,12,12,10,10,13,14,14,14,15,15,15,10,16,13,17,17,17,15,15,18,16,16,19,20,21,21,22,23,18,18,24,19,20,25,26,22,23,23,24,24,27,27,25,26
415;dfCbEiagheiafHgCdBGbhcdaiEffhiecdbaGcdgaibfheaEbhgFDCiBcdgfEhiaHaeiBcGfdIgFdahEbc;0,0,0,0,1,1,2,2,3,4,4,4,5,5,6,7,2,3,8,4,4,9,9,6,7,2,10,8,8,9,9,11,11,12,13,10,8,14,14,14,15,15,12,13,16,17,18,18,14,15,15,15,16,16,17,17,19,20,20,20,21,21,22,17,23,19,19,24,24,21,25,22,23,23,26,26,27,27,27,25,25
416;abcdfGHieheICbaGFDfdgihEcabeaBgcIdHFcFHbEdagiigdfahbeCGieAdbfchbhfegcIdadcahifEbg;0,0,1,1,2,2,3,3,4,5,6,7,7,7,8,4,4,4,5,6,9,9,8,8,4,4,10,5,6,6,11,8,12,12,13,10,14,14,15,11,16,17,13,13,10,14,14,15,18,16,17,13,19,19,18,18,18,18,20,20,21,21,21,22,23,23,24,20,25,21,21,26,22,22,22,24,25,25,27,27,26
417;ihaFEBcgdgbedhcfaifCdIgaHebdEFBAgichhacedibfgBgihcFeDacfgAbhdiEeiBgfdahcadHcIegBF;0,0,1,2,2,2,3,3,4,0,1,1,5,2,2,3,3,4,6,6,6,5,7,7,8,9,10,11,6,12,12,13,13,8,9,10,11,11,12,12,12,14,14,15,10,16,17,18,18,19,14,20,15,15,16,17,21,22,19,23,20,15,24,16,25,21,22,19,23,26,27,24,25,25,21,28,28,26,26,27,27
418;afGdcheiBehigbAcdfDbcEFiHAggefaidbhcBiHfgCaedcAdhebFgIidachfGBEhcEbdgifafgbIaedCh;0,0,1,1,2,2,3,4,4,5,5,5,5,6,6,3,3,7,8,8,9,6,6,10,10,7,7,11,12,9,13,14,14,10,15,15,11,12,12,13,13,14,10,16,15,17,17,13,13,18,18,18,16,16,19,17,20,21,21,22,23,24,24,19,20,20,20,20,22,23,23,24,25,25,26,26,26,27,27,23,23
419;agEcBdIfhdhfgeIcabbichfaEgdCdhiagfbeebafDchiGgFiEhBdcaiaBdceghFhegAiFbdCfcDbGHaeI;0,0,1,2,2,2,3,3,4,5,6,1,7,2,2,3,3,4,5,6,8,7,9,10,10,11,11,6,6,8,8,9,10,10,12,13,14,15,15,16,16,17,17,12,13,14,15,18,16,19,17,17,20,20,14,21,18,22,19,19,23,20,24,25,21,26,22,27,27,23,24,24,25,26,26,22,22,28,28,29,29
420;GAcIebfdhFhdcgaiBeiebfhdcagBDigfhaecefabicghDcghdaEbFihBfeCidgaAcghdFEIbDiEabghCF;0,0,0,1,2,3,3,3,3,4,5,1,1,2,2,6,6,3,4,5,5,5,7,2,6,6,8,9,5,10,10,7,11,11,8,8,9,12,13,13,7,7,14,14,8,15,12,12,13,16,7,14,17,17,15,15,18,13,16,14,14,19,19,20,20,18,18,21,22,14,23,23,20,24,24,21,21,22,22,22,23
421;dfAbEicghCgiahDfBehBecgfaIDgabIDeHfceidfcHgAbfhcgBadeibefdACihGidghFbEcaacHeigbdf;0,0,0,1,1,2,2,2,2,3,4,4,5,5,5,2,2,6,3,7,5,5,8,8,9,9,6,7,7,10,11,12,8,9,9,6,13,13,10,11,12,14,14,15,15,10,10,10,11,16,16,17,15,18,19,19,20,20,21,17,17,22,18,23,19,20,21,21,24,17,22,22,23,20,20,25,25,24,26,26,22
422;gcAebihdfFidgHaBCEebhfdciGahEgbidafccfbHAegiddaicfgEBHahcdgBfeIIGeaCFdHbbdfiehcag;0,0,1,1,1,2,2,3,3,4,0,5,5,6,6,3,3,7,4,0,8,9,6,6,10,10,7,11,11,8,9,12,13,10,14,14,11,11,15,9,12,13,13,14,14,16,15,15,17,17,18,18,14,19,16,20,20,21,17,17,19,19,19,22,20,23,21,21,21,24,25,26,22,20,23,27,27,24,24,25,26
423;afhbdcEgiigChfEBDAbeDaiGfchEhbfgdaicCIfeAhgbdgdacbihFedbeIhfcaghaGDCbieffcigeaDHB;0,0,1,1,1,2,2,3,3,0,0,4,4,5,5,2,3,6,7,8,8,8,9,9,2,10,6,7,11,12,12,13,9,10,10,6,11,11,14,14,13,13,15,10,6,16,17,18,18,19,15,15,20,21,16,17,18,18,19,22,15,20,21,16,17,17,23,24,22,22,25,26,16,27,27,23,24,24,22,25,26
424;FgicabdehdbaHefgcicheigDbfAgfHBcIadEadbefhIgCEIcadgfHbHaDFbceigBCgdiehaFiefghaCbd;0,0,0,1,1,1,1,2,2,0,3,3,4,1,5,5,6,2,7,7,8,4,9,9,5,6,10,11,11,8,8,12,13,13,14,10,15,15,16,16,12,14,14,14,10,15,15,16,16,17,18,18,19,10,20,20,16,17,17,21,22,19,19,23,24,25,25,17,21,22,22,22,23,24,24,26,26,27,27,28,28
425;iaHbcFdgefGceDIabHeDbhAgfIccfiagdehbahEFiBGcdgbdCehifahIadFcbegdCgIbehAfbefGhacdi;0,1,1,2,3,3,4,5,5,0,1,1,2,2,2,4,4,6,7,7,8,8,9,2,9,9,6,10,7,7,11,9,9,9,12,12,10,13,14,11,15,15,16,12,17,10,13,14,18,19,19,16,17,17,20,13,14,18,21,21,22,22,17,20,23,23,24,25,25,25,25,26,27,27,24,24,28,28,28,26,26
426;FbicEhDgagecdafibHDhagbIfEcHDgaieCfbcfehdBaIGiAbfcgehdbIdegChafagfiHdbceeChBFagdi;0,0,1,1,2,2,3,4,5,0,0,6,7,7,3,3,4,5,0,8,6,7,9,9,9,10,11,12,8,13,14,14,15,9,10,11,12,12,13,13,16,15,17,10,18,19,19,19,13,16,15,17,17,18,20,20,20,21,16,22,23,24,24,20,20,21,21,16,22,23,25,25,26,26,26,21,27,27,23,28,28
427;gdeafbCihFIbechgadcahidgbEfhfABgDiceigchefadbEbDCiafhGbEfDAchgiahIgbedFcdCgfHIebA;0,0,1,1,1,2,2,3,3,4,5,6,6,6,2,3,3,7,4,5,6,8,8,8,9,9,7,10,10,11,11,12,13,13,14,7,15,15,11,11,12,12,13,14,14,16,16,16,16,17,12,18,14,19,20,20,21,21,17,18,18,18,19,22,23,23,21,24,18,25,25,25,22,23,26,26,24,27,27,27,27
428;ceFDaIHgbidghfbaEcahbceGdiffihABcedGDaEfghcBigbCideFhaefiBHagcdHcdgiFbaebgaeCdIfh;0,1,2,3,3,4,4,5,6,0,1,2,7,4,4,4,5,6,8,9,2,7,4,10,10,11,11,8,9,12,13,13,13,13,11,14,15,15,12,12,16,16,17,17,14,15,15,12,12,12,16,16,18,14,19,19,20,20,21,16,18,18,18,22,19,23,23,21,21,18,24,24,22,25,25,23,26,26,26,27,27
429;FGcHbIdeabieaDCFHghdafeGBciecbIAhgdfgFIdceaBhahDbgfcieIagchdefbDefgibhaCcbheFaigd;0,1,2,3,3,4,4,5,5,0,1,2,2,3,6,7,7,8,9,9,9,10,6,6,11,7,8,12,12,13,10,14,6,11,15,8,16,13,13,14,14,17,17,15,18,16,13,19,20,20,20,21,15,18,22,22,19,20,20,21,21,18,18,22,23,24,25,25,25,26,27,28,23,23,24,25,25,26,26,27,28
430;hafebdciGdgcAifehbbieHgCDafefAbdhgciGcbiFEadhiHDcagfBeFBgDhAIecaehgcibfdcdiFEbHga;0,0,0,1,1,2,2,3,3,0,0,4,1,5,2,2,6,3,7,8,4,9,5,10,11,6,6,7,8,4,9,5,10,11,11,6,12,13,13,13,5,10,14,14,14,12,15,15,16,5,17,17,14,18,12,19,15,16,17,17,17,20,18,19,19,19,21,21,21,22,20,18,23,23,23,23,24,24,22,25,25
431;eacgBhDifighcfdabeDfBIeachghiDAGEBfcacfdiBEgHgbEhCfidAfhAedigcbbdgfAcheicEibhgFad;0,0,1,1,1,2,2,2,3,0,4,4,5,6,7,7,2,3,0,8,9,5,6,6,7,10,11,12,8,9,13,6,14,15,10,11,12,12,9,13,13,14,15,16,16,17,18,19,19,20,14,15,21,21,17,18,22,22,20,23,24,24,21,25,25,25,26,23,23,24,24,27,25,28,28,26,23,29,29,24,27
432;chegiADFbabgdfHCIEfdiEcBHagGcabdfehihibaecfgdefdhgIabCIefCHgbdABgcfadieHDahibegcf;0,1,2,2,2,2,3,3,3,0,1,1,4,4,5,5,5,3,0,6,4,4,4,5,7,5,8,6,6,4,9,10,10,7,11,8,12,12,13,9,14,15,15,11,8,16,17,13,18,14,14,19,11,8,16,17,20,18,21,21,19,11,11,22,22,20,23,23,24,25,25,25,26,26,23,23,24,24,27,27,25
433;fabCEgidhciedhAfBGHdGBIfaceAcfhbIEgdDghacebifEbigfdhaciecfDbghabhAegcdFIgFDiahceb;0,0,1,1,1,2,2,2,3,0,0,4,4,5,5,6,7,3,8,8,8,5,5,5,6,7,3,9,10,10,11,12,12,13,13,14,9,9,15,11,16,16,16,17,14,18,18,15,19,19,20,20,17,17,21,21,15,22,19,20,23,23,23,24,25,15,22,26,26,23,23,23,24,25,22,22,26,26,27,27,27
434;AfegbCdIhhicdeFGaBbDGHaicefcbIadhefGdgafieHbcfEhcgbIdaghdEfABciicfbhDageeaBicgfHd;0,0,1,1,1,2,2,3,3,4,4,5,1,6,6,7,8,3,9,5,5,10,7,7,7,8,8,9,11,12,10,10,13,14,15,16,9,11,12,10,17,13,14,15,16,18,18,18,18,17,17,14,19,19,20,20,20,21,22,17,14,23,23,24,24,25,21,22,22,22,23,26,27,27,25,21,28,28,29,29,26
435;iafgechdbheGbDiAFccdbfaHegibhDCGafieAfEdibcHggciehfdBaeGAiFdbcHfbhacgiEdDIcHbegaf;0,1,1,2,2,2,3,3,3,0,4,4,2,2,5,3,3,3,6,6,7,7,7,5,5,5,8,9,9,9,10,10,11,12,13,8,14,14,10,10,10,11,12,13,15,16,16,17,17,18,11,12,13,15,19,19,17,18,18,20,20,13,21,22,17,17,23,23,23,23,24,21,22,22,25,25,25,26,26,24,24
436;aBgcdHeFidiHEbFGacefCigabhdhdagicFbEigEDfbachbcfhaeidgcebfhIdGAgaiBcdhefFhDAeGcib;0,0,0,1,1,2,2,3,3,4,0,5,6,6,7,2,8,3,4,4,5,5,5,7,9,8,10,11,11,11,11,12,12,9,13,10,14,14,15,16,16,16,13,13,13,17,15,15,15,18,16,19,20,20,17,21,22,22,18,23,19,24,20,17,21,25,25,23,23,24,24,24,17,17,26,26,26,26,24,27,27
437;egDFhcabibcAidgefHhIfaBECgDidcbfhGeaaFHgeibdcGEbdcAihfchgeadFiBDbEcifhagfaiHgbdce;0,1,1,2,2,2,3,3,4,0,0,1,5,2,6,6,6,4,0,0,1,5,7,7,8,8,9,10,10,11,5,7,7,12,12,9,13,10,11,14,14,14,12,12,9,13,11,11,15,16,16,17,12,18,13,19,20,15,21,21,17,18,18,22,19,20,15,23,23,23,23,24,22,25,25,26,26,27,27,24,24
438;hGbdFaIcecidegbafHafechIGdbidfhAecbgeAgFBchidbchgidEafdbciEhfgAFhabcgDeIGeiAdfBhC;0,1,2,3,3,3,4,4,5,0,1,2,6,6,7,7,8,5,0,9,10,10,10,10,7,8,11,9,9,12,12,13,13,14,14,11,15,9,9,13,13,16,14,17,17,15,18,19,19,19,16,20,20,17,21,18,22,22,16,16,20,20,17,21,18,22,23,23,23,20,24,24,21,25,25,25,26,26,27,27,24
439;cahibfeGDeifdGcbhadgBaeHcifhegfdAIcBFBchiedagadigCbhfEifdBHgAecbcaefiGdhghEcaDFbI;0,1,1,2,2,2,2,3,4,0,1,1,5,5,6,6,3,4,0,7,1,8,5,6,3,3,3,9,7,8,8,10,10,10,11,12,9,13,8,11,11,11,11,11,12,14,13,13,15,15,16,17,17,12,14,13,18,18,18,16,17,17,19,20,13,13,18,18,21,22,17,19,20,23,23,18,21,21,22,22,19
440;hcEfAGdibdfAbiEHgcgbihcdeafFIdcebghaehbdgafCiCaGihfbDEBdcafHiEGIgfEdCabhaehgbicfd;0,1,1,2,3,3,3,3,4,0,0,5,2,2,3,6,4,4,7,7,5,8,8,8,6,4,9,10,10,10,11,8,6,6,12,9,13,10,14,11,15,6,16,12,12,13,14,14,11,15,17,16,12,12,18,19,19,11,15,17,20,20,21,18,18,22,11,17,17,20,20,21,23,23,22,24,24,25,25,26,26
441;EdihbAgfChafgcdeibCGbfIeahDbiecfhDgaAfcEdgibhdhGiaBFcEgbadhiceffehagCbDiicDbeFhAG;0,0,1,1,2,3,3,3,4,5,5,6,6,2,2,7,8,4,5,9,6,10,10,11,7,8,4,5,9,12,12,13,11,7,7,14,15,15,13,13,13,13,7,7,14,16,16,16,17,17,18,18,18,19,20,16,16,21,21,21,22,22,19,20,20,20,23,24,24,22,22,19,25,25,25,23,26,26,26,19,19
442;DgbaCifeHAIhedfbgcecfhGBAidgbaihDcfeiedcfahBGFHcgbEidAcdiFehgabbfgdacEhihaebIGdCf;0,0,0,1,2,2,3,3,3,4,4,0,1,5,5,6,3,7,4,4,8,1,9,5,6,10,7,11,4,8,1,9,10,10,10,12,11,13,13,1,14,14,15,15,12,16,16,13,13,17,14,18,15,15,16,16,19,19,17,20,18,18,18,21,21,22,22,23,20,18,18,24,21,21,25,25,23,26,26,24,24
443;DgafchBEiEfhbiDgaCicbAeghfdGHICafdbefaedgbcihcbdihEAGfhecgfAidbadfHbiEcgbIGedcfhA;0,0,0,1,2,2,3,4,4,5,6,6,1,7,2,3,3,3,5,8,8,8,7,9,9,10,10,11,12,13,13,14,15,9,10,10,11,12,12,13,14,15,16,16,17,18,18,19,19,20,20,20,20,17,21,21,21,22,22,23,20,20,24,21,25,26,22,22,23,27,27,24,25,25,26,28,28,23,23,29,29
444;aeCdGFhbiidfhbeacghbgcAIdfebidAcgEHfgfaiehbdceCHBFdiGAcaigdbfehFhbEicGAdDgefhaciB;0,0,0,0,1,1,2,2,3,4,4,0,0,1,1,5,6,3,7,7,8,9,9,1,5,6,10,11,12,8,8,13,13,13,6,10,11,12,12,14,14,14,15,15,10,16,12,17,18,19,20,20,15,21,16,22,17,18,19,19,20,23,21,16,22,22,19,19,24,23,23,25,26,26,22,27,27,24,28,28,25
445;EAGdhbcFichbfgIdaeidFcaegbhgecifAhDbHFiBEdacgaBdgchIeffcaeIgBhddghabfeicBIeHdcfgA;0,1,2,2,3,3,4,5,5,0,1,6,6,6,7,4,4,5,0,8,9,6,10,7,11,4,5,12,8,9,13,10,14,11,15,16,12,17,17,13,10,14,15,15,16,18,17,13,13,13,19,20,20,21,18,18,22,23,19,19,19,20,21,24,24,22,23,25,25,25,26,26,24,24,24,27,27,28,28,28,26
446;GdebicfahcabfhdeigifhGaeDcbBcDhEiagffegacBhdiHiAdgfbeCegfibacHdDhceFgiBaaBICdHgFE;0,0,0,1,1,2,2,3,4,5,5,6,1,1,7,7,3,4,5,5,6,8,9,10,10,10,11,12,13,14,8,9,9,15,15,11,12,13,14,8,16,16,16,15,15,17,17,14,18,19,20,21,21,21,17,17,18,18,19,20,22,22,22,23,23,24,24,19,25,25,25,26,23,27,27,27,27,28,28,28,26
447;HgeIacdfBCibdeFhaGdFAghbieCehdcbAgIfGBfhIdecaiacefgbHdaegBciFdhbcifdHagEfDhagecbi;0,1,1,2,2,3,3,4,5,0,0,0,0,2,2,3,4,5,6,7,7,7,8,8,9,10,5,6,6,11,11,12,8,9,10,5,6,13,11,11,12,12,9,9,14,15,13,16,16,17,12,18,19,14,15,13,20,17,17,21,18,19,22,15,23,20,24,17,21,19,19,22,15,23,20,24,25,25,26,26,26
448;EgbdicHfacFdEahibgiahfGbeDcbheIfGcadaICBhdfgegdfAceBHifcAhDigeBdeGcbfaihHbigeadcF;0,0,0,1,1,1,2,2,2,0,3,3,4,4,5,5,2,2,6,3,3,7,5,5,5,8,8,6,9,3,7,10,10,10,11,12,6,9,13,13,13,13,11,11,12,14,9,9,9,15,11,11,11,16,14,14,17,17,15,18,18,19,16,20,20,17,21,21,21,21,19,22,23,23,24,24,25,25,21,19,22
449;iagdbechfbfdAhciEgCehgIfbDAfbcEgadihhGEifDabcaDibChfgedcfheBGaieibfAGHcDghACdiefb;0,0,1,2,2,2,3,3,4,5,0,1,2,6,6,7,3,4,5,5,5,2,6,6,7,8,8,9,9,9,10,10,6,11,8,12,9,13,13,13,14,14,11,15,12,16,16,16,17,14,15,15,15,12,18,18,18,17,17,19,20,15,12,21,21,22,19,19,19,20,23,12,21,21,22,24,24,24,20,23,12
450;EidgFcBahbgfeHadicachdibefGieABDhGcffHBcaGiedgdciEfhbahbgacIfDecfEhbdagIdAifgeCHb;0,0,1,2,3,3,4,5,5,0,0,1,2,6,6,4,7,5,8,8,9,2,6,10,10,7,11,12,13,9,9,14,10,10,11,11,12,13,14,14,14,14,15,16,16,12,12,17,17,18,15,15,19,20,21,21,17,22,18,18,19,19,20,23,24,24,22,18,25,25,25,26,23,24,24,27,27,27,25,25,26
451;EhcagidfBdbgehfAICaIfdbcgehcgaBihEdfBficeDHaghdegfacbigEHidbfcafabhCeiGDiCdFaGbHe;0,0,1,1,2,2,3,4,5,6,6,7,7,8,2,3,4,5,6,6,6,9,8,8,10,5,5,11,11,9,9,8,12,10,10,13,11,14,15,15,8,12,16,10,13,14,14,17,17,17,18,16,16,19,20,20,21,21,18,18,19,19,19,20,20,22,23,18,24,24,24,25,22,22,22,23,26,26,26,24,25
452;ciehagbdfhfgcBdeiABdaEfIhgcecdgiaFhBFaIbcHDegghbfdecaIdBhiGCafeaGfdebichiEcAHfgBd;0,0,1,1,1,2,3,3,4,0,0,5,5,2,2,2,3,4,6,0,7,5,2,8,2,9,4,6,10,7,11,11,8,9,9,12,13,10,7,7,14,8,15,12,12,13,10,16,16,14,15,15,12,17,18,18,19,19,20,21,21,17,17,18,22,22,23,20,20,21,24,17,25,25,25,23,20,26,26,24,24
453;ahigebcdfgcdfiaBehbfecDhAIghEBagficDcIaehDgfbdgfBCiehaFbhiaEdgcidChBgFAeEAgdfchbI;0,0,1,1,2,3,3,3,3,0,0,4,2,2,5,5,6,6,7,8,4,2,9,9,10,11,11,7,8,8,8,12,12,10,13,11,7,14,14,15,15,12,16,13,13,17,18,19,19,20,16,16,13,13,17,18,21,19,20,20,22,22,22,17,23,21,19,24,24,24,25,25,17,23,21,26,26,24,24,27,27
454;bfhiagECdiadfcEGBhgcedBhaifHiFbeaCdgCeghIdFaBdbacGfheiahIefbdGcedBghCifafgcAdibHe;0,1,1,2,3,3,4,4,4,0,5,5,2,6,7,4,8,4,9,9,10,2,6,7,8,8,11,12,12,10,10,13,7,8,14,11,15,15,10,16,13,13,13,14,14,17,17,18,16,19,19,20,20,14,17,18,18,21,21,22,23,20,20,17,21,21,21,24,22,23,20,20,25,25,26,26,24,27,27,27,27
455;dIbhaecFGHafdgciBegEcFbihaDabiGchedfcgDEifbhAfhebdAgIcEcAihdfgbbdhCFgaeiIfgaebdCh;0,1,1,1,2,3,3,3,3,0,1,1,4,2,2,2,5,6,7,8,1,4,9,9,5,5,6,7,8,8,10,10,10,5,5,11,12,12,13,10,10,14,14,14,11,12,15,13,16,16,16,17,17,18,15,15,15,16,16,19,17,20,18,15,21,21,22,22,19,19,20,18,23,23,23,22,19,19,24,24,18
456;eaDbhfgCIcFHDgieabgiBeCaFdhhEgcabifDfdcGihBeaAbifdehgcbgaheDcIficFAbgdhedheifCabG;0,0,0,1,2,2,3,3,4,0,1,1,1,2,2,5,3,4,6,6,6,7,8,2,5,9,10,11,12,12,7,8,13,9,9,10,11,11,14,8,8,13,9,15,15,16,16,14,17,17,18,18,18,18,19,14,14,14,17,20,21,22,18,19,23,23,24,24,20,21,22,25,26,26,23,23,24,24,25,25,25
457;agbDHEcifdCFibgheaiehcfabdghdGeicfabebcagfdHifiahDBgcEghdFEIaBcbAigcdEFhCfebahIgD;0,0,1,2,2,3,3,3,4,5,5,1,1,2,2,4,4,4,6,6,1,1,7,7,4,8,8,6,6,6,9,9,7,10,10,10,11,12,12,13,13,14,10,15,15,11,16,16,17,13,14,10,15,18,19,19,16,17,20,21,22,15,18,19,19,23,23,20,21,22,22,24,25,25,23,23,26,26,27,27,24
458;ebicgadHfcAFDHibegdHgFbeIacadhEcFGbifIbhdgecAgceaibfdhbfaiehCGDhgdbfCaieIEcgAdhfb;0,0,0,1,1,2,2,2,3,4,4,5,5,5,5,2,2,3,4,6,6,7,7,8,8,9,9,10,6,7,7,7,8,8,9,11,10,10,10,12,13,14,14,15,11,16,17,17,12,13,13,18,15,15,16,16,17,12,13,13,18,18,19,20,20,21,21,22,23,23,18,19,24,24,24,21,22,23,23,25,25
459;dhifEcbgageAIbDcfhBcfagheDiEigcdahbfhfCbigdaeaBdhfegiciAEghbfCDFGHdcIaeBCdbeafiHg;0,1,2,2,3,4,5,5,5,0,1,6,6,3,4,7,8,8,0,9,6,10,7,7,7,11,8,12,9,9,10,7,13,13,11,14,12,9,15,15,16,16,17,17,14,12,12,15,15,15,18,17,17,17,19,20,21,21,18,18,22,22,23,19,20,20,20,18,18,24,22,23,19,19,25,25,18,24,24,23,23
460;iGfhaEcdbEcbgDiAFHhdafcBgiegbecidhAfdaIEhfbgcFHcBgadeibEhdFGiCaafgibcehdCIdaehfbg;0,0,0,1,1,2,3,3,4,5,5,6,1,1,2,3,3,4,7,8,6,6,6,9,10,3,11,7,8,8,8,6,9,10,10,11,7,8,12,12,12,12,13,13,11,7,14,14,15,16,16,17,13,18,19,19,15,15,15,17,17,18,18,20,20,21,21,17,17,22,23,24,20,25,25,26,26,22,22,23,24
461;fdiaCEhgbbcaghfIeDhEGIDbcfagfcdeiabhIHeBfagdcdabcghFIeaiHfbdecgcBFeaGdHiegdhiCbAf;0,0,0,1,2,2,2,3,4,5,6,6,1,7,3,3,3,4,5,8,8,7,7,9,3,4,4,5,10,8,8,9,9,11,12,12,13,10,10,14,14,15,11,16,16,13,10,17,18,18,15,11,19,20,13,17,17,17,21,21,22,19,20,23,23,24,17,21,21,22,22,25,26,26,24,27,27,25,25,25,25
462;ehfdagIBcdiBchFgeagaCiEbfdHcFHgbadieIdehFcagbBgAedihcfaEdBghcfifcgAIEbhdHbifcdeaG;0,0,1,1,2,3,3,3,3,4,0,0,0,2,2,5,3,6,4,7,7,7,8,8,5,9,6,10,10,7,11,11,8,12,9,13,14,14,15,15,11,8,12,13,13,14,14,16,16,11,17,17,17,18,19,20,16,16,21,21,22,23,18,19,20,24,25,21,21,22,23,26,27,27,24,25,21,21,22,23,26
463;IbhDfECgAadeGcbhficfgaHidBEbaicgfehdhgdIeabCfFechBdIageCbFiGadhgiAbdhfecDhfeacgiB;0,0,1,1,2,3,3,3,3,4,4,5,2,2,6,6,7,7,8,8,5,9,9,9,6,10,7,8,8,11,11,9,9,10,10,10,12,13,13,13,14,15,15,16,10,12,13,14,14,14,14,17,16,16,18,18,18,19,20,14,17,21,16,22,22,19,19,20,20,23,21,21,24,24,24,24,20,20,23,21,21
464;ahfdcieBGdbgfHEcaiIcEGbafhdhgacedifbBiDaGfhCeefChibGdagdbifCAehcEIbaHdgFfaHedgbic;0,0,0,0,1,1,1,2,3,4,4,0,5,6,7,7,2,3,4,8,5,5,6,6,6,9,9,10,8,8,11,6,12,12,9,9,10,10,8,11,13,13,13,14,15,16,10,17,11,13,18,14,14,15,16,17,17,19,20,18,21,22,22,23,23,23,19,20,24,21,25,26,23,27,27,28,28,24,25,25,26
465;EcDabgfihgifchEAbdAHbfdigechfebadCgIcAigehbDFBdGifChaeiechGbdfAfbHDiaecgdgaecfIhB;0,1,2,2,3,4,4,5,5,0,1,2,6,3,4,4,7,7,8,6,6,6,3,9,9,10,11,8,8,6,12,12,9,13,10,11,8,14,14,12,15,16,13,10,11,17,17,14,18,15,16,19,19,19,17,17,20,18,21,16,19,22,22,23,24,20,18,21,21,21,25,25,23,24,24,18,26,26,27,27,27
466;HgfacBideieaGdhbFcCbdefiaHgGAeihfdcbfhcbadegidibCgeFahadIhEgcBfeChFbaGiDBfGdicheA;0,0,1,1,1,2,3,3,4,5,5,6,6,6,2,3,3,4,5,5,7,7,6,8,8,8,4,9,5,10,7,11,8,8,12,12,9,5,10,10,11,13,13,14,12,9,15,15,16,16,17,18,14,19,9,20,20,21,21,17,18,22,19,23,24,24,24,17,17,25,22,26,23,23,27,27,27,25,25,26,26
467;gFiebchdabaeHgDcficdhifABgEeBdfhgaiCHgadciebFIcfaebdHGAiGCdhfebfhbGaEicddecbifgAH;0,0,1,1,2,2,2,2,3,0,4,4,5,5,6,6,6,3,7,7,8,8,9,6,3,3,3,10,11,12,8,9,9,13,13,3,10,11,12,14,9,9,9,15,15,16,16,14,14,17,18,18,18,18,16,19,14,14,17,17,20,20,20,21,19,22,22,23,23,24,24,24,21,21,25,25,23,23,24,24,24
468;acEdihbgFgfhBaCDeibdigfehcaeBDicaFhgiafhGDEbcChgebfaIdfiAChbgdehecaDgIfbdgbFEicAh;0,0,1,1,2,3,3,4,4,0,0,1,5,2,3,3,6,6,7,8,8,5,2,3,9,6,6,7,8,10,10,10,10,9,11,11,12,13,13,14,14,15,9,9,11,12,12,16,14,14,15,17,17,18,19,19,16,20,20,15,21,21,18,19,16,16,22,22,15,15,18,18,19,23,23,23,24,24,24,25,25
469;ebcfIGdaHDhfaebgCigAihcdbfebdeiafchgighEbcFdacfADghiEbaeGCDihbffcBgHaeidhIdBfeAgC;0,1,2,2,3,3,4,5,5,0,1,6,6,3,3,4,5,7,0,0,6,8,8,9,4,10,7,0,6,6,8,11,9,4,10,12,0,13,13,8,11,9,14,14,12,15,13,13,13,16,9,17,18,18,15,19,20,21,16,9,17,22,22,23,19,20,21,16,24,24,22,22,23,23,20,21,25,25,25,26,26
470;cadbgeifhehgfaIcBdbifdchAGedceibaghfFgAchdBEiHBIgefdcAafceighdbIDbhFcEaggEhaDBFic;0,0,1,2,2,2,3,3,4,5,5,1,1,1,6,7,8,4,9,5,10,10,11,6,7,8,12,9,9,9,9,11,6,7,8,12,13,13,13,14,14,6,6,15,16,17,13,13,14,14,18,18,15,16,17,19,19,19,20,18,18,16,16,17,19,19,19,20,21,18,22,22,23,23,24,24,20,21,25,25,25
471;aiFdBgehcceDhiafgbhgBCfeIdADhifcbaEgGACedhBfifbegaIhcdbFgahcdieedaiGfcbHiChBEdgaf;0,0,1,2,2,3,3,3,4,5,1,1,2,2,6,3,7,4,5,8,8,9,9,6,3,7,10,5,11,12,12,13,13,14,7,10,11,11,11,13,13,13,14,10,10,15,15,16,16,17,17,18,19,19,20,21,22,22,17,18,18,23,23,20,21,21,24,24,25,23,23,26,20,21,21,21,24,25,27,27,26
472;ehAdfgiBcfdiBcAehggbcheifadhibaGfdceaCeiHDbgfdFGeBcaiHiEfcaHGdbCgdFibHeaBahgdecfI;0,0,1,1,2,3,3,4,4,0,5,1,1,2,3,3,6,6,7,5,8,9,9,9,10,10,10,7,5,8,11,12,9,13,13,10,7,14,8,11,12,15,15,13,16,14,14,17,17,12,12,18,18,16,19,19,19,17,20,20,18,18,21,22,23,23,23,24,25,26,18,21,22,22,27,27,24,25,26,28,28
473;hfbegAIdCgcIHbDAefdaeicfbhgfGhDeicbaciabfhdgeBEdcaghFIiHcgdEfAbabgfhcEiDedFaIbgch;0,1,1,2,2,2,3,3,3,0,0,0,2,2,4,4,5,3,0,6,6,2,7,8,4,5,3,9,6,10,10,7,8,8,11,11,9,9,10,10,12,12,11,11,11,13,14,14,15,12,12,16,16,16,13,14,14,15,17,18,19,19,19,20,14,17,17,17,18,21,21,22,20,23,23,18,18,18,18,21,22
474;aIbGhDceFghfeicdbacdebfAihgEfghcBaIDiaCDGehfbhBdfaigceFcaibgeDhbeiadHFgcdgHcEfbAi;0,0,1,1,2,2,2,3,3,0,0,0,2,2,4,4,3,3,5,5,0,6,6,4,4,3,7,8,8,8,9,9,10,11,12,7,13,14,14,15,9,10,11,12,12,13,13,16,15,17,10,11,11,18,19,13,16,20,17,21,21,18,18,19,19,19,20,20,20,22,22,23,19,24,24,25,25,26,26,22,23
475;gcfADebhiaEIghbfcdhBdficGAeihecbFdgabgCdahieffdaEGicBheFBhCDAigcahifGedbdigBEahfc;0,1,1,2,2,3,4,4,5,0,6,6,6,2,3,7,7,5,0,8,9,6,10,3,3,11,5,12,8,9,9,10,3,3,11,5,12,8,8,13,14,14,15,15,16,12,17,13,13,18,19,15,20,16,21,17,13,18,18,19,15,20,16,21,21,21,22,23,23,23,24,16,21,25,25,22,22,22,23,24,16
476;hdFceaIbgiGCdhbAefbaeigFhdcahdeBcfgifegAihdCbCbIfdgeaHDfaBCigHEgibhaecfdeChgFDbia;0,1,1,1,2,3,3,4,4,0,0,5,5,2,2,2,6,7,8,8,8,9,10,2,11,6,7,12,13,13,9,10,14,11,15,15,12,16,17,17,18,14,11,15,15,12,16,19,20,18,21,21,22,22,23,19,19,20,18,24,24,24,24,23,25,25,20,20,26,27,27,28,29,29,25,30,30,26,27,27,28
477;heIDFacGbBgfhciaedCADbegHifafCIGebdhgiBAhDefcedhcbfiagiHaGDcfbefbgeahdcidcEfiBgha;0,0,0,1,2,2,3,3,4,5,5,1,1,2,6,4,4,4,7,8,8,8,9,6,4,10,11,7,7,12,8,9,13,10,10,11,14,14,12,12,12,13,10,10,10,15,15,16,16,16,17,17,18,18,19,20,20,20,20,21,21,22,22,19,20,23,23,24,24,24,24,25,19,26,26,27,27,28,28,25,25
478;gabDfhIeCdHceiBagfiefgacbdHhbGceAfidAdefHigCbcFibdGhAeBgHacdefIEIdhgfcbafcaibeDhg;0,0,1,1,1,1,1,2,2,3,0,4,1,5,5,6,6,6,3,4,4,7,7,5,8,8,8,9,4,4,10,10,10,11,12,12,9,13,13,14,14,11,11,15,15,16,13,13,17,17,18,18,15,19,16,16,13,17,20,20,18,19,19,21,22,22,17,17,17,18,19,19,21,22,23,23,23,24,24,25,25
479;ADBEcghiffiEbHdgCahgcfiaedbcaHifbdEgbegcdhafIdfiaGeBHcgcadeiFBHEhfgbciadibDhAfCge;0,1,1,2,2,3,3,3,4,0,1,5,5,6,6,6,4,4,0,7,7,5,8,6,9,10,4,11,11,7,12,8,6,9,10,10,13,11,11,12,14,15,15,15,15,13,16,16,16,14,17,17,18,19,20,21,21,22,22,17,17,18,19,20,23,23,23,24,24,24,18,25,20,20,26,26,27,27,27,27,25
480;aefgciBhDIdCbfhGeAGhbedafcIFcihgbdaedAefichgBbghdaECIfeigcbFADhhbdaEGifccfAihdebg;0,0,0,1,1,2,2,3,3,4,5,5,6,7,7,8,3,3,4,4,5,6,7,7,8,9,10,11,4,12,12,12,12,13,9,10,11,14,12,15,15,16,13,9,9,11,14,17,16,16,16,18,19,19,11,20,17,21,21,18,18,18,18,22,20,17,23,24,25,25,25,26,22,17,17,23,24,25,25,25,26
481;debgaifhccgADFhebIfIHCebdAgebIfcAHGdhfDbgeciaacghidbfebhcadGiEfiafehcgdBgDeiBfACh;0,0,1,1,2,2,3,3,4,0,5,1,1,6,6,3,4,4,0,5,7,1,6,8,9,9,10,11,5,7,7,12,8,8,9,10,11,5,7,13,12,14,15,15,16,11,17,17,13,18,14,15,15,16,19,17,20,18,18,21,22,22,23,19,17,20,24,21,21,25,23,23,19,26,26,24,21,21,25,27,27
482;ECFiabdhGDbhgEcAifiagdFHbecgidebfcahAFchdigbebhECgaIfdhebacdfgifdIBHGecacgAfieHdb;0,0,1,2,2,3,3,4,4,0,0,1,1,2,5,3,3,4,6,7,5,5,5,5,8,9,9,6,7,7,5,10,10,8,11,9,12,13,14,14,10,15,16,11,11,12,13,13,13,17,15,16,18,11,19,19,17,17,17,17,16,18,20,21,21,22,22,23,23,23,23,20,21,21,21,22,24,24,25,25,20
483;efiDghcbAhaCeibdFGBgdfcaihedEaHbcfgifbgIadEChichgFebADadfcEGhiBgiebhfadccHbAdiGef;0,1,1,2,2,2,3,3,4,0,0,1,5,5,5,3,4,4,6,0,7,7,8,8,8,4,4,6,6,7,9,9,10,11,11,12,13,14,15,16,16,10,11,17,12,13,14,15,16,18,18,17,17,12,19,19,15,20,20,18,17,21,21,22,23,23,24,25,25,26,26,26,22,27,27,24,24,25,28,28,26
484;aidgBEchfEFHaicdbggcbHdfiaEhDAiCgeFbfbideagchcGebfhAIdBhgcADfeidafehibgcieCFGbhda;0,1,1,2,2,3,4,5,5,0,1,1,6,6,3,4,5,5,7,8,8,9,3,3,4,4,5,7,8,8,9,9,10,10,11,11,12,13,13,14,14,10,15,16,17,12,13,13,18,18,18,15,16,17,12,19,19,18,18,20,21,21,21,22,19,19,23,23,20,21,21,24,22,22,19,23,23,20,25,25,24
485;HEAbgfdicdfciehgbaibgDcahefGdecfBahIbIfahDECgcahGiEfDbaCdhbgifeehBFaiCgdfgiedcbAH;0,1,1,2,2,3,3,3,4,0,1,5,5,5,3,6,6,4,7,7,8,8,8,3,9,9,10,11,7,7,12,13,14,14,10,10,11,11,15,12,13,14,16,17,10,15,15,15,18,18,18,16,17,19,20,20,20,18,21,21,21,17,19,22,23,20,24,24,24,25,17,26,22,23,23,23,27,27,25,17,26
486;igbfadChEhcebgIdafdaFchegbicbdgeFAiHaegidHBfcfIhabcedgBfAEighcDeHidCAFgbgdChfbiEa;0,0,1,2,2,3,3,3,3,0,0,1,4,2,5,5,5,5,6,7,1,4,8,8,5,5,9,6,7,1,10,11,12,12,13,9,14,7,15,10,11,12,16,13,9,14,17,15,10,11,12,16,18,9,19,17,20,21,21,16,16,18,22,19,19,20,23,24,16,25,18,22,19,19,23,23,24,24,25,25,22
487;dEIbghcaFagbecfHidfhciDaeGbiadCHGfbeecgfbidhahBFaedgcICihdfBaegBdEgAcifhgfahIEbDc;0,0,1,1,2,2,3,3,4,0,5,6,6,7,2,8,3,4,0,5,9,10,7,7,8,3,3,11,9,9,10,12,7,13,14,14,11,11,15,15,12,7,13,13,14,16,11,17,18,19,19,19,20,20,16,16,17,18,19,19,21,20,22,23,23,18,18,24,24,21,25,22,26,26,27,27,27,27,25,25,25
488;hcagdFeIBDgeiCbAhFbfiahegcdfahcgdibeCbdeIAhfgieGfbhDAcghbdfIceaeiCBagfDhadFHeCbgi;0,0,0,1,2,2,2,3,3,0,0,1,1,4,2,5,3,3,6,4,4,4,4,7,5,8,3,6,9,10,11,7,7,12,8,8,9,9,10,11,13,14,12,15,15,16,17,10,18,13,14,19,19,19,16,17,10,18,20,20,21,21,21,16,22,22,22,22,23,23,23,23,16,24,24,24,24,25,25,25,25
489;fhAEgIBCdibeChdfagGcdbfahieBEiadhGfchagfcEidBdFcgIBaehagfhecDbicdHibfeGAEibdagchf;0,1,1,2,2,3,4,5,6,0,1,7,2,2,3,4,5,6,8,9,7,7,10,3,4,6,6,8,9,11,11,10,12,12,13,13,8,9,9,14,10,15,15,15,15,16,16,14,14,17,18,18,18,15,19,19,20,14,17,21,21,22,22,23,24,20,14,17,25,21,21,26,23,24,24,27,27,25,28,28,26
490;hcfbeGaDiabDIhfgEcGeIdAcBfhdfaGbhiceegcadiHbfbiHcFEdagiagFcDehbCdehgbfiafhbeiAcGD;0,0,1,1,2,3,3,4,4,0,0,5,6,2,7,8,4,9,10,0,5,6,6,7,8,9,9,10,5,5,5,11,11,8,12,13,14,15,15,16,17,11,18,12,13,14,15,19,16,17,20,18,13,13,21,15,19,19,20,20,22,22,22,21,23,23,24,24,25,25,26,22,21,23,24,24,24,27,27,26,26
491;cbeGdafihIHdfbECgafgaiHcEdbechaGdbFigIbhcfdaeadfeiBGhCHEibfgacdbFcdaiheGdAgcEHibf;0,1,2,2,2,3,3,3,3,0,1,1,4,5,6,7,3,8,9,10,11,4,5,6,7,3,8,9,10,11,12,5,5,7,7,8,13,13,13,12,12,14,14,14,15,16,13,13,17,17,14,14,18,15,16,19,20,20,21,22,22,18,15,23,19,19,21,21,21,21,24,15,23,25,25,26,26,27,27,24,24
492;EFbaiDchgcdaGhfeiBHIgecbfdabgCifaHeddaHBeCgfiiefhdgabcgcefbidaHfbDcAhigeahiDGEBcF;0,0,0,1,1,2,2,2,3,0,0,0,1,1,1,2,4,3,5,6,7,8,8,8,4,4,4,5,6,7,8,9,9,9,10,10,11,12,12,13,9,9,9,14,10,11,15,15,13,16,16,16,14,10,17,18,18,19,20,20,20,14,21,17,22,22,19,19,23,23,14,21,17,24,24,19,19,25,25,25,21
493;ebACdGIhfgfdAhibcecihfebgadhcIgBefDaAgbdFhceifdEiacHbGiEchGadfBdagbcFeihbHfeidAgC;0,1,1,2,2,3,3,3,4,0,0,1,5,5,5,6,4,4,7,7,8,5,5,9,6,6,6,10,11,8,5,12,9,13,13,14,10,11,11,11,12,15,16,16,14,10,17,17,18,12,15,19,20,20,21,21,17,18,22,22,19,20,23,24,25,18,18,22,22,26,26,23,24,25,27,27,27,28,28,26,23
494;DcIBFgeAHgbadeHCifehfcaidgbfighbeacdcaefidhBGHDbaGciFebgdihafECAfCeDbghiiEhgcfbda;0,1,1,1,2,2,3,3,3,0,4,1,1,2,2,5,5,3,4,4,6,6,7,7,8,8,9,10,11,12,12,7,13,8,8,9,10,11,11,11,13,13,14,8,15,16,17,17,18,18,13,14,15,15,16,16,16,16,19,19,14,20,15,21,21,22,23,24,24,25,20,15,21,21,22,23,24,25,25,26,26
495;hbFdEAigCdGacifHebceigbhfaDaDcfhgebIFibeADchgEhGIcbadfgchadibfEbfEHgcdiaiAdBfegch;0,1,1,1,2,2,2,2,3,0,4,4,4,5,5,6,6,3,7,4,8,9,5,5,10,11,11,7,8,8,9,9,10,10,12,12,7,7,13,13,13,10,10,10,14,15,15,16,13,17,17,17,18,14,19,15,16,16,17,20,20,18,21,19,22,22,23,24,24,20,18,21,19,22,22,23,23,20,20,25,25
496;ibCHaGfeDahfDecgbiedGbficAhgiachdbFebedgiFAhcfCHaBeidgcgeFdAHiBDFbiGhecahaiecbdgf;0,0,1,2,3,3,4,4,5,6,7,1,2,3,8,8,4,5,6,7,2,2,9,10,11,12,12,6,13,13,14,9,10,11,15,15,13,13,13,14,9,16,17,17,17,18,13,19,19,9,16,20,20,21,18,22,23,19,9,24,20,25,21,18,22,23,26,27,24,24,25,25,22,22,23,26,27,28,28,29,29
497;dHebiacfGfacgEHidbiBgcFdahebdiecghafcGfhAibedhEAfdbgIceIBdhCfgaacdiGfEBHgfhabEdcI;0,1,1,1,2,2,2,3,3,0,0,1,4,5,5,6,6,7,8,8,8,4,5,5,5,7,7,9,9,10,10,11,11,12,7,7,13,13,10,10,14,14,12,15,15,16,17,17,18,18,19,12,15,15,16,17,17,17,20,19,21,21,21,22,22,23,23,20,24,24,21,21,25,25,25,26,26,27,27,28,28
498;egfdHbcaiHbcgaIdefdiaEFchBGcegfBaiHdAfdHIEgcBIhbcGdaFefAeidhbgcbCiaegfdhgdhbcfEia;0,0,1,1,1,1,2,2,2,3,3,3,1,4,4,4,4,5,3,3,6,6,7,7,8,9,5,10,3,11,6,12,8,8,9,9,10,13,11,14,12,12,15,16,17,18,13,19,14,12,12,15,16,17,18,18,19,20,20,21,15,22,22,23,23,24,20,21,21,15,25,22,24,24,24,26,26,27,27,25,22
499;edcFbHgaIifagdcbeHhgBeaidfCAefcgDhibgHdiEBFCabCIahfegdDaEbigchffbgHCaidecIhdfeabg;0,1,2,3,3,4,4,5,5,0,1,2,3,6,7,7,5,5,8,6,6,6,6,9,10,10,11,8,12,12,12,9,9,10,13,11,14,14,12,12,9,9,15,13,11,16,17,17,18,18,18,15,15,19,16,17,17,18,18,20,15,19,19,21,22,23,23,18,20,20,20,19,21,22,24,24,25,25,25,26,26
500;ficehAdgBdhaFbgEicebgdiChfaigdCafbhebefgdHcaIAchbEigDfgDeAfbichCfIHGeabDhAbicdfEg;0,0,1,1,2,3,4,5,6,7,8,9,10,2,3,4,5,6,7,8,9,10,10,3,4,11,11,8,8,12,12,13,13,11,11,14,15,16,12,12,17,13,18,19,14,15,16,12,12,17,18,18,19,20,21,21,22,23,23,18,20,20,20,21,24,22,22,25,18,26,27,27,24,24,28,28,25,26,26,26,27