601;bdgFhecaieAFICdBhgcihAbgfDefheDicgBaDGabfheiciCbgeadfHaechdFigbGBdeaihcfhFIcgbaEd;0,0,1,1,2,2,2,3,3,4,5,5,1,6,6,6,7,7,4,4,5,1,8,9,9,9,7,10,10,10,1,8,11,12,13,13,14,14,14,15,11,11,12,12,16,17,18,14,15,11,11,19,19,16,17,18,14,14,20,20,21,21,22,17,18,23,23,20,24,24,24,22,17,25,25,25,20,26,26,27,27
602;abgceHFIdcifbaDgEhedhFGicBabCEidfAhGGfIAHEdCbDHAgcbifEfebDIGHaciGChbaedfhadeFCbgi;0,0,1,2,2,3,4,5,5,0,0,1,1,6,3,4,7,7,8,8,9,6,6,3,3,7,7,10,8,9,9,6,11,11,12,12,10,10,13,9,14,11,11,15,16,17,17,13,9,14,18,15,15,16,17,17,13,19,19,18,15,20,20,21,17,22,19,19,18,18,18,18,21,21,22,22,23,23,23,24,24
603;iaHbcFdgefGceDIabHeDbhAgfIccfiagdehbahEFiBGcdgbdCehifahIadFcbegdCgIbehAfbefGhacdi;0,1,1,2,3,3,4,5,5,0,1,1,2,2,2,4,4,6,7,7,8,8,9,2,9,9,6,10,7,7,11,9,9,9,12,12,10,13,14,11,15,15,16,12,17,10,13,14,18,19,19,16,17,17,20,13,14,18,21,21,22,22,17,20,23,23,24,25,25,25,25,26,27,27,24,24,28,28,28,26,26
604;IGeCfahdBFbchedAgihaDiGbceFbfAeDgiCHcdhaifgbegeibChdfaeHfgacbiddCbfhIEAgaigdbEfhc;0,0,1,1,2,3,3,3,3,4,0,5,5,2,6,6,7,7,4,8,8,5,9,6,7,7,10,11,12,12,9,9,13,13,14,10,11,12,12,15,9,16,17,14,10,18,18,19,15,16,16,17,20,20,21,19,19,19,22,22,23,20,24,21,19,25,25,22,22,23,26,24,27,27,28,28,28,22,26,26,24
605;faIcGDbehGbchEfAIddEHAbicgFECaiHbdfGIFgDCeHabbhdgfaeciaDbeigFhchgfBAcIDEcIeFdhGba;0,0,0,0,0,1,1,2,3,4,4,5,5,6,7,7,2,3,8,9,9,5,6,6,10,10,11,8,8,9,12,12,12,10,13,11,14,14,15,15,16,17,10,13,11,14,18,18,18,16,17,19,19,19,14,20,18,21,16,22,23,23,23,24,20,18,21,16,22,23,23,25,24,24,24,24,26,26,27,27,25
606;daCbheIfggfhAdicBeEibFcghdaIEfgadbHccdaeBHfgIBhGcifAeDACEHgBDIfHgidFceABfBDieAgch;0,1,1,2,3,3,4,5,5,0,0,6,2,2,3,4,4,7,8,9,6,6,10,10,11,7,7,8,9,9,6,11,11,11,7,7,8,9,12,12,13,13,13,14,14,15,9,9,16,17,17,13,18,18,15,19,20,16,16,17,21,18,18,15,19,20,20,22,22,21,23,24,15,19,19,25,25,22,21,23,24
607;EbhicagDFIgcdBfaehfAdghecbIgCaeiDhFbdfbAgheicheicFbdagcdfheibgabhEfagicdaigbdCfhE;0,0,1,2,3,4,5,5,5,6,7,1,2,3,4,5,5,8,6,7,9,2,10,10,11,5,8,12,12,9,13,10,14,11,11,15,16,17,17,13,10,14,11,11,15,16,18,17,17,19,20,20,21,21,16,18,22,23,19,19,19,19,24,18,18,22,23,23,23,25,26,24,27,27,28,28,29,29,25,26,26
608;dEbcGHafIaFiedbgcHhcgFaiebdEdFaHgbicibcdfEHgaGAhIbcdefbGahcfiDechebIdFagfidgeachB;0,0,0,0,1,2,2,3,3,4,4,5,5,1,1,6,3,3,4,4,7,8,8,6,6,6,3,9,4,7,7,10,10,11,11,12,9,13,14,14,10,10,11,11,12,15,13,14,14,16,16,11,17,18,15,19,19,20,20,16,16,17,18,21,19,22,22,20,23,17,17,24,21,21,22,22,20,23,23,23,24
609;iHDebfGaCfcGidaebHaebcghidfHIfBaDcgecDEGFIahBbgaheCDfieFhaigBcDGBCdhefIAdaIFCbheG;0,1,1,1,2,2,2,2,3,0,4,1,5,5,6,6,3,3,7,4,8,9,9,6,6,10,10,7,7,8,9,11,12,12,10,13,14,14,8,15,11,11,16,16,13,17,14,18,15,19,19,16,16,13,17,18,18,19,19,20,16,21,21,22,18,18,23,20,20,24,24,25,22,26,26,23,27,27,24,25,25
610;afGCEBdhihDIAfgcbEecbhdifgagAdbifechciegahBFdbhFecdiAgfehdGCaibDbCiHagefigaFBehdc;0,0,1,1,2,2,3,4,4,5,5,5,1,2,6,3,3,7,8,8,5,1,9,6,10,11,7,12,13,13,13,9,14,10,11,15,12,16,13,13,17,14,18,18,15,16,16,19,20,17,21,18,22,23,16,19,19,20,24,21,25,22,23,16,19,26,26,24,24,25,22,27,28,28,26,26,29,29,30,30,27
611;GahfidbcedeBgchaficfIeaBhdgfHGaBecidbiaCdgfehedchfiGaBAbEdHcigfiCdbgfeHahgfieadbc;0,0,1,1,2,2,3,3,4,5,6,6,2,2,7,8,4,4,5,5,5,5,9,7,8,10,10,11,11,12,12,9,7,13,10,14,15,15,16,12,12,13,13,13,14,17,16,16,18,18,19,19,20,20,17,21,21,18,22,19,23,23,23,17,24,25,25,22,26,26,26,27,24,24,28,28,29,29,26,26,27
612;HbaGcFdeiIFedbAghccdGeihabfBafcGEhideciBHdFAgGhdfaIBcefIbadCeGHDGHiebCfaaeCHFGIdb;0,0,0,1,1,2,2,3,3,4,5,5,6,7,7,8,8,3,4,5,5,6,7,7,9,8,10,11,12,12,12,13,9,9,14,10,11,15,15,12,13,16,16,14,10,17,17,18,19,13,20,20,21,21,22,22,18,19,23,23,20,24,24,25,25,18,26,27,28,28,28,24,25,25,26,26,27,27,29,29,24
613;FiBahecdgeGdicfbahahcdgbIfEDeaCighbfgbhfeAdIcCFihbDegahdGbFCaEiIaEGdhfcbbcfeaigHd;0,0,1,2,2,2,3,3,4,0,1,1,5,5,2,2,6,4,7,7,8,8,8,8,9,6,10,11,12,12,12,13,9,9,6,10,11,11,14,13,13,15,15,6,10,16,17,14,13,13,18,15,19,20,16,17,21,22,22,18,23,19,20,16,16,21,24,25,18,23,26,20,27,27,21,24,25,18,26,26,20
614;iGhcdabFeaebifgdhccfDbehigaBcEgidfahhaIfbcEdGgdfahEcibfIchaBGeDebaDgfhcidhgeciaBf;0,1,1,2,3,4,4,5,5,0,6,6,2,3,7,8,8,9,10,11,12,12,7,7,13,14,9,10,11,15,15,7,16,13,14,17,10,10,15,18,16,16,16,19,17,20,20,20,18,21,22,22,19,23,24,25,26,26,21,21,27,28,23,24,25,29,29,21,27,27,28,23,24,29,29,30,30,31,31,32,32
615;gdbiahfCEEChBDfaigaIFgcedhBCBDfgiHeAFeADHcbGiihGebaCdfbfeHIDGAChgcaebIfddaiCFgebh;0,1,1,1,2,2,2,2,3,0,1,4,5,2,6,6,7,3,0,0,4,5,8,8,9,7,3,0,10,10,8,8,8,9,7,3,10,10,11,12,13,13,14,15,16,11,11,11,12,17,13,14,15,16,18,11,11,19,17,13,14,15,15,18,20,19,19,21,21,22,22,22,20,20,23,23,21,24,24,25,25
616;dbfHiEacGGcibdaEfhehafgcdibBgHafdCeiiDcebhGafafeicghbdhebgaifdccigdeFbHAfAdchbigE;0,0,0,1,1,1,2,2,2,3,0,4,5,5,6,7,8,8,3,0,4,4,9,6,7,7,10,11,12,12,12,9,13,13,14,10,11,15,12,16,9,9,17,14,14,18,15,19,16,20,21,17,22,22,18,18,19,23,20,21,21,24,22,18,18,25,23,26,27,27,24,28,29,29,25,25,26,30,30,30,28
617;bIgafecdhahcBidfgefEdgchibAiaehdgBfccbfeAIghdgDHcBFEaiegAFhcdibHcidgbaefdfbieahcg;0,1,2,2,3,4,4,5,5,0,1,1,6,3,4,7,5,5,0,8,8,6,3,7,7,5,9,10,10,10,11,7,7,12,13,9,14,14,15,11,11,16,12,13,9,17,14,15,11,18,16,16,19,19,17,20,21,11,18,22,22,23,23,24,20,21,25,25,26,27,23,28,24,29,29,30,30,26,27,23,28
618;ibgafcdhECfHideaBgdEaghbficgafBedhciecIhagbfdbhdfcigeafGeDiHCabaibCgfEDhhdcebaigf;0,0,0,1,2,3,3,3,4,0,5,6,1,2,2,7,7,4,8,5,6,1,9,9,10,10,10,8,8,11,12,9,13,13,14,15,8,11,11,12,16,13,13,14,15,17,17,18,19,16,13,20,14,21,17,17,18,19,19,22,20,23,21,24,25,26,27,27,22,23,23,28,24,25,26,29,29,30,30,30,28
619;iebfdgHacChdibAegfagfehcDBiGdhcibfeAbIcafegdhefAHgdICbfcgdahBieHbegciafddaibefcHg;0,0,1,2,2,2,2,3,4,0,1,1,1,5,5,3,3,4,6,1,7,7,8,8,9,9,10,6,11,7,12,8,8,9,9,10,13,11,7,12,14,8,8,15,10,13,16,16,17,14,18,18,15,19,20,16,17,17,17,21,21,19,19,20,20,22,22,22,23,21,24,24,25,25,26,26,26,23,21,27,27
620;cbeGdafihIHdfbECgafgaiHcEdbechaGdbFigIbhcfdaeadfeiBGhCHEibfgacdbFcdaiheGdAgcEHibf;0,1,2,2,2,3,3,3,3,0,1,1,4,5,6,7,3,8,9,10,11,4,5,6,7,3,8,9,10,11,12,5,5,7,7,8,13,13,13,12,12,14,14,14,15,16,13,13,17,17,14,14,18,15,16,19,20,20,21,22,22,18,15,23,19,19,21,21,21,21,24,15,23,25,25,26,26,27,27,24,24
621;hEdgBfcaiaFbiDceghcigaEhBdficefgBdhagbfHadiecdHaCiEgfbfdhEciabgeaCBfghidBgidhafce;0,1,1,2,3,3,4,4,5,0,6,6,2,2,7,7,8,5,9,10,10,11,11,12,7,8,8,9,13,10,10,11,12,12,14,15,16,13,17,17,18,19,12,14,15,16,20,17,17,18,19,12,21,21,22,20,23,17,24,24,25,25,21,22,22,23,24,24,24,24,21,21,26,26,27,27,28,28,29,29,29
622;ehbCiafgdGIfhdeabcacDFgbHiedbcehiGfAfgebaCdhihaidfgcebCfaibheDGBehgcDIafidgaefbch;0,1,1,2,3,4,4,5,6,0,7,1,2,3,3,5,5,6,0,7,1,8,9,9,10,10,11,12,12,8,8,9,13,10,14,11,15,15,15,16,9,13,14,14,17,18,19,20,16,21,21,22,23,17,18,19,20,24,24,21,22,23,17,25,25,26,26,27,27,23,23,28,29,29,30,30,27,27,31,31,28
623;acgidehbFbEDFgHaciihfCBaGedgAedhbficcIbaefdHGFdhgcibaehbiefdcgAdgahicefbefcbagidh;0,0,1,1,2,3,4,4,5,6,6,6,2,2,3,3,4,5,7,7,6,8,8,9,3,10,10,11,7,12,12,12,9,3,3,10,11,13,12,12,14,14,15,15,16,17,13,18,18,14,14,19,20,16,17,17,17,18,21,19,19,20,22,23,17,24,21,21,25,26,20,22,23,23,24,27,27,25,26,26,26