712;fcagidhebdEIbfhcAggbhaCeIdfigbceAfhdhFdIgbaceeacdhfbgiaiEfdcGbhCdfHbgeIAbhgeaiDfc;0,0,1,1,2,2,3,4,4,0,0,5,5,6,6,3,4,7,8,8,5,5,9,9,9,10,7,8,11,11,12,12,9,9,10,13,14,11,15,15,16,9,17,13,13,14,18,19,19,16,20,17,17,21,22,18,18,23,23,20,24,24,21,22,22,25,25,25,20,26,27,21,28,28,25,29,29,26,26,27,27
713;bfceighdahaiCfdgbeedghAbcfiCbEAdhfiGaghibfdeCfidgCEaHbdefbgaIchgcbdhIeaFiHafecbGd;0,1,1,2,2,2,3,3,4,0,0,1,2,5,5,4,4,4,6,6,7,2,8,8,9,9,4,10,6,7,7,7,11,12,9,13,10,10,14,14,11,11,12,15,13,16,10,17,17,18,19,12,15,20,16,21,22,23,18,19,24,25,20,16,21,22,23,26,26,24,25,20,27,27,22,28,28,29,29,30,30
714;fGbdAciehecifbhaDghdagiEcBfiehcFgBadBachdiFgegfDbeahicaHfeGbDcicigahdefBdbeicfGha;0,1,2,2,3,4,4,5,5,0,1,6,6,3,7,7,8,8,9,10,10,11,3,7,7,7,8,9,12,10,11,11,13,14,14,14,9,12,12,15,13,13,13,16,16,17,18,12,15,19,19,20,20,16,17,18,21,15,22,20,20,20,23,24,21,21,15,22,25,25,26,23,24,27,27,27,28,28,25,26,26
715;bchfdgeIaAfebHiGCDgideaCFBHhgfceaiDbcbidgfhAeedahiBcfgiebgfdahcfhcabedgidaGIchbef;0,0,0,1,2,3,3,3,4,5,5,1,1,2,4,4,4,4,1,1,1,6,6,6,7,4,8,9,9,10,10,11,11,7,8,8,12,13,13,14,14,14,15,8,16,12,17,17,18,18,19,15,8,16,17,17,20,18,18,19,15,21,22,23,17,20,24,25,26,15,21,22,23,27,27,24,25,26,26,28,28
716;edHabgiFcBfchDigaegaiCefbhdcefdabHigihagfCdebdbgeIHacFhgbfcaEdiAceIgdfbhfIdBhecga;0,1,2,2,3,3,3,4,5,0,1,2,6,6,6,7,4,5,8,8,8,9,6,10,7,11,11,12,12,9,9,9,10,7,11,13,12,14,14,15,16,16,7,7,13,17,14,14,15,15,18,19,20,20,17,17,21,18,18,18,19,22,22,23,23,21,21,18,24,24,24,22,23,23,21,25,25,26,26,24,22
717;gaiecDhfBdfchIbgaEbHeagfdciIdfcbhAegEcadfgibhhbGieaCdfaibfhcEgDfedGaibHccghbdefia;0,1,1,2,2,3,3,4,4,0,5,5,2,6,3,3,7,7,5,5,5,8,6,9,9,10,10,5,11,11,8,8,8,12,13,14,11,11,15,15,8,16,12,13,14,17,17,15,15,8,16,16,13,18,17,19,19,20,20,21,22,22,18,23,24,24,24,25,21,26,26,26,23,23,27,27,25,25,25,28,28
718;EfidhacbgbhAecgfiddcgfbiaheCefBghidaIgHAdcefbaDbiefhGcfIegabdcHgaChidbefhbdcfegaI;0,1,1,2,2,2,2,3,3,0,1,4,4,5,5,2,2,3,6,6,7,7,8,9,9,9,10,11,6,12,7,8,8,8,13,10,11,6,12,14,8,15,15,13,10,16,17,17,14,18,18,19,20,21,16,17,22,22,23,23,19,20,21,24,24,24,25,23,26,27,28,28,29,29,25,25,23,26,27,28,28
719;iHfgeAbcDdeacBfHIgBcgidhEfAagHbiefdCcfiHadgbeEdbfcgiAhGicahbdefhbdefcagifaedgichb;0,0,1,1,2,3,3,3,4,5,5,6,1,2,7,7,8,4,9,5,6,1,10,10,11,8,12,9,9,13,10,10,10,11,11,12,14,9,13,15,15,16,16,17,12,14,14,18,19,19,20,17,17,21,22,22,18,19,20,20,17,23,21,22,24,24,25,25,26,23,23,27,28,28,29,29,25,26,30,30,27
720;hdbeigacfecgbFahIdFIAchdgbeihfgbcdeabeCaDfighagdheicfbgbEdchfaIcfhiAebdgDaifGbEHC;0,0,1,1,2,2,3,4,4,5,5,1,6,2,7,3,3,4,5,5,5,6,6,7,8,9,4,10,10,6,6,11,8,8,9,9,10,12,13,13,11,8,8,14,15,16,12,17,13,18,19,19,14,15,16,20,17,18,18,21,19,14,15,20,20,17,22,21,21,23,23,24,20,25,25,22,26,26,26,23,24
721;eacifhbgdbhiadGfCegfdbechaiHcgebaDifidaHcfebgfBeGiDChaagbfhEidCcifdAbgehdehcgiAfB;0,1,2,2,3,3,3,4,5,0,1,6,2,7,8,8,4,5,9,10,6,6,7,7,8,11,12,9,10,13,14,7,15,15,11,12,13,13,13,14,16,16,17,11,18,19,19,20,14,17,17,17,17,18,21,21,20,20,20,22,22,23,23,24,24,25,25,20,26,26,23,23,24,24,24,27,27,26,26,28,28
722;iHbEgAFdcecaFdhbgifgdIcbhaegdihaceFbbafdiechgCeHgBfaidabgChidefdfcAEgibhHiebfdGca;0,1,2,2,3,4,4,4,5,0,1,1,2,3,6,4,7,5,0,8,8,9,9,6,7,7,10,11,11,8,12,12,6,7,7,10,13,11,14,12,12,15,15,16,16,13,17,14,14,14,18,19,20,20,13,17,17,21,22,18,19,23,20,24,25,25,21,22,18,26,23,23,24,27,27,28,28,18,26,29,29
723;EdicafGhbagbhiDefchcFgbeAidBieachDgfgadeficbHfhcdgbiEaibafechdgCfhidgbaEDEGbhaFci;0,0,1,1,2,3,3,4,4,0,5,5,2,2,6,6,4,7,8,5,5,2,9,9,10,10,7,8,8,11,11,12,13,10,10,7,14,14,12,12,12,13,15,10,16,17,14,18,13,13,13,15,15,16,17,17,18,18,19,19,19,15,16,20,20,21,22,19,23,24,25,16,20,20,21,22,22,23,24,25,16
724;eGbfCidhachDgeaibfAFihdbgEchDabicfgebegAfdhcificegHBadgcfdHeAibibhcafeDgdaeIbGcfh;0,0,1,2,3,3,4,5,5,6,1,1,2,2,3,4,4,7,6,8,1,9,9,10,4,7,7,11,8,8,12,9,10,13,13,14,11,11,11,12,15,16,16,14,14,11,11,17,12,15,18,19,19,14,20,20,17,21,15,18,18,22,14,20,20,17,21,21,21,21,22,23,24,24,17,17,25,25,22,22,23
725;ihbFgdcaEdcfeiAgbhaGEhcbifdedgbAfhcibacGHiedfhfiDEcbGacbaifhdeGgiDabefhcfeHCdgaib;0,0,1,1,2,3,3,4,5,6,0,7,7,2,8,3,4,5,6,6,6,7,2,8,9,4,10,11,11,12,7,13,13,9,9,10,14,14,12,15,15,16,16,17,10,18,14,19,15,20,16,16,17,21,18,18,19,22,20,23,23,17,21,24,18,19,22,20,23,25,25,21,24,26,26,27,27,23,25,28,28
726;dbcihaefgfagbdEhciheifCgABdidfebcgaHaCeHGfdIBGhBdaiFecbihafdcgeeGaCiHbdFCFdGebiha;0,0,0,0,1,1,2,2,3,0,0,4,4,1,1,5,6,3,7,7,4,4,8,8,5,6,9,10,7,11,12,12,13,13,13,9,10,14,11,12,12,15,15,15,16,17,14,14,18,19,19,19,16,16,17,20,20,18,18,21,21,21,22,23,24,24,24,18,18,25,22,22,23,23,26,26,27,27,25,28,28
727;EcfahbigdihgdeFBcADbAgCihfEGfDhbaeichabCieFDgceifgdAhbFghbaCdeIaiceDHgbfBdeifgcah;0,0,1,2,2,2,3,3,4,5,6,1,1,7,8,8,4,4,5,6,9,7,7,8,8,10,10,11,9,9,7,7,12,12,10,13,11,14,15,15,15,16,17,17,13,11,14,14,18,16,16,19,17,13,20,20,18,18,16,19,19,19,21,20,20,18,18,22,23,24,21,21,25,25,26,26,22,23,24,27,27
728;hEfAbGCidgdIcfhbeacbaideghfiahgcfdbEfcdbeiaghbGehaDIfcAfcEibhdgdigfhcEabehBdgafci;0,1,1,1,2,2,3,3,4,0,0,1,1,2,2,5,5,4,0,0,6,6,7,7,8,8,9,0,10,10,11,11,11,11,8,9,12,12,13,13,13,14,14,14,9,15,12,16,13,17,17,17,18,18,15,19,16,20,20,21,21,22,22,19,19,16,20,20,23,23,23,23,24,24,25,25,25,26,26,27,27
729;aChDegIFbigecbfaDhfbdhiaeCgeiAgfdHbcHfGicbdeacdbeahgifgefBhIcAdbhcadefgidaifgcbHe;0,0,0,1,1,2,2,3,4,5,5,5,6,6,7,7,3,4,8,9,10,10,10,11,7,3,12,8,9,13,14,11,11,3,3,12,15,15,13,14,16,16,17,17,17,18,19,13,14,20,20,20,21,21,18,19,19,22,22,22,22,21,23,24,25,25,25,26,26,27,27,23,24,28,28,29,29,27,27,30,30
730;ACbhfEdgihDfIbgacegeiAcdBhfEGAcdbifhfhdgeicAbibcfAhgedCihbgfeDadfgeiahbcbaEdhcfig;0,1,2,3,3,4,4,4,5,0,1,2,6,6,7,7,5,5,8,1,9,9,10,11,5,5,12,8,13,13,9,10,11,14,14,12,8,15,15,15,10,11,14,14,12,16,15,15,17,17,18,19,19,12,16,20,20,18,18,18,21,19,19,22,22,23,24,25,26,21,21,21,22,22,23,24,25,26,26,27,27
731;iahcbegDFBecDFgihafdgHaiCbeEGDBiAfchafiechdgbchbfgdeAidieghbaFchcaidfbeggBfaechid;0,1,1,1,2,3,3,3,3,0,0,4,4,2,5,5,6,3,7,8,9,10,2,2,6,6,11,7,8,9,10,12,12,11,11,11,13,14,15,15,15,15,16,16,17,13,14,18,18,19,19,16,17,17,13,14,20,21,19,19,22,17,23,24,20,20,21,21,25,22,26,23,24,20,27,27,27,25,26,26,23
732;GcehfdaiBabicegfhDdhfaibGEcbFcgaiedhigdbhecfaEahdcfibgFDbegahcICegIdhbAFhiafbcdgE;0,1,1,1,2,2,2,2,3,0,4,4,5,5,6,7,2,3,0,8,9,9,10,6,7,11,3,12,8,9,13,10,6,6,11,3,12,8,13,13,14,15,16,17,18,12,19,13,20,14,15,16,17,18,19,19,21,20,14,14,22,23,24,25,25,21,26,27,27,22,23,24,28,28,26,26,27,27,29,29,29
733;ehiDGafbcfgbihCeadacdbEfgihbdchfgIEahfeaidbcGgiaeCbdHFDehgAICfbcagfbehDiibfcdhage;0,0,1,1,1,2,2,2,3,4,0,5,5,6,2,3,3,3,4,7,7,8,6,9,9,3,10,11,11,8,8,12,12,9,9,10,13,14,14,12,12,12,15,15,16,13,13,17,17,17,18,18,15,16,13,13,19,17,20,18,18,21,21,22,22,19,23,20,20,20,24,25,22,22,19,23,20,26,26,24,25
734;gdCabhifeAfHGiEdCbibeFcdghabgfiechAdciadhfbeghEdbgaCiFDagcfiebhfhiedbagcecbhAgfdI;0,0,1,1,2,2,2,3,3,0,4,1,5,5,6,6,3,3,4,4,4,5,7,7,8,8,9,10,10,11,11,11,12,13,14,9,10,15,16,16,11,12,13,14,9,17,15,15,18,18,19,20,20,21,17,17,17,22,19,19,19,23,21,17,22,22,22,24,24,23,23,23,25,25,26,26,24,27,27,28,28
735;HdgFICEABfaIdbechGCEBAhgFideiABGfdchbFDcahigegCheDiBFaihegfbadcabfhcdGeiDgCIEahBF;0,0,1,1,2,2,3,4,4,5,0,6,6,2,2,3,3,4,5,7,7,6,2,8,8,8,4,5,7,7,6,6,9,8,10,11,12,12,13,13,14,9,10,10,11,15,15,16,14,14,9,10,10,11,17,17,16,18,18,9,19,19,20,17,17,21,18,18,18,22,23,20,24,24,21,25,25,25,22,23,20
736;gDHfaceibIbcghedafeAfiBdhgchibcdGafeceahFiBdGfgdaeBiCHahiecfgbddcgbiHfeabfEdgAchi;0,0,0,0,1,2,2,3,4,5,0,6,6,1,7,2,3,4,5,5,8,6,9,7,7,10,10,11,8,8,8,9,12,10,10,10,11,13,13,14,9,12,12,15,15,16,17,13,14,14,18,19,19,20,16,17,13,21,14,18,19,19,20,22,22,23,21,24,24,24,25,20,26,26,23,21,21,24,24,25,20
737;AbCieFHgDgidchbfeaeHfdagcbidfBhgiacehaieFcgdbcEgabdifhBcHfDAeigfdagiebhcIgebchdaF;0,0,0,1,1,1,2,2,2,3,3,4,4,4,4,5,5,6,3,7,8,9,9,10,10,10,6,7,7,8,11,9,12,12,13,13,14,7,11,11,9,12,15,15,16,14,17,18,18,19,12,20,15,16,21,17,22,19,19,23,20,24,24,21,22,22,25,19,23,23,26,26,21,21,21,25,19,23,23,26,26
738;eFhaibgCdgaCfhdebIbdigceahfIbDefacghahgibcdfefcehdgbiaCiabefHdghgbdAifecdEfcGHiAb;0,0,0,0,1,1,2,2,3,4,5,5,5,5,5,6,3,3,4,7,7,8,8,9,6,6,3,10,10,10,8,11,9,12,12,13,14,10,15,15,11,11,16,16,13,14,17,15,15,18,19,19,13,13,20,17,21,21,18,22,22,22,23,20,20,24,25,18,18,18,23,23,26,26,24,25,27,27,27,28,28
739;EHdfGbAiCBaIcEhGFdfGCiADehbDfbGiecahceHbdaFgIaighCfdBehCaEFibdggbfdhcIEaideABGhcF;0,1,1,1,2,2,3,3,3,0,0,4,4,4,5,6,6,6,7,0,0,0,4,5,5,6,8,7,9,9,10,10,10,11,11,8,12,13,9,14,14,15,15,15,15,12,13,16,16,16,16,17,15,15,18,19,16,16,20,20,17,21,21,18,19,22,22,22,23,23,24,24,18,25,25,25,25,26,26,27,27
740;hafbdcgieEbcgAiHdFIdgHefAbcBfhacdiegdgEihbcfaciaFgebHdAhbdfgeCigedcihfabfciebadgH;0,0,1,1,2,2,3,3,4,5,6,6,1,1,7,3,4,4,5,8,8,7,7,7,7,4,9,10,8,11,12,12,13,14,15,9,10,16,11,12,13,13,14,15,17,10,16,18,19,13,13,20,15,17,21,22,18,19,23,24,20,25,17,21,22,18,26,23,24,25,25,27,28,28,18,26,23,29,29,29,27
741;aebfGdcihFiHEcbagdCdghAifbeefDiBcghabgiaehdcFhCaGdfbeidhebfgiacGafciehdbIbcDHaefg;0,1,1,2,2,3,4,5,5,0,1,1,3,3,3,4,6,6,7,7,7,8,3,9,4,10,6,7,7,8,8,9,9,11,10,12,7,13,13,14,14,15,11,16,12,17,17,17,17,14,15,15,16,16,18,18,19,17,14,20,20,21,21,18,18,19,19,22,22,20,23,23,18,24,24,19,22,22,25,25,25
742;fdEbhgiacigbdacEhfchaeFidgbEihaCFbdgDfgheBacIbacGidfehhcdfbeGiagbicdaHfEaefiGhcBd;0,1,1,1,1,2,2,2,2,0,0,0,3,3,4,4,5,6,7,8,8,8,9,9,5,5,6,7,10,10,11,12,12,5,6,6,13,10,10,11,11,11,14,15,15,13,13,16,17,17,11,14,18,15,13,19,16,17,17,20,21,18,18,22,19,19,23,20,20,21,24,24,22,19,19,23,25,25,26,26,26
743;chfeBGdaibeidacfghgAdHfibeCfgcbdeihAEIafchgbddbhgIacfehceigfadbifbahdecgaDGcEbhIf;0,1,2,3,3,3,4,4,5,0,1,2,2,6,6,4,4,5,0,7,7,2,6,6,8,8,9,10,10,10,11,11,11,8,12,9,13,10,14,14,15,11,11,12,16,13,13,13,13,15,17,18,19,16,20,20,20,20,15,17,18,19,21,22,23,23,24,24,25,26,26,21,22,27,27,28,28,25,26,26,21
744;gbidAfChecfHieGabDedAbChiGffgdhIeBCaIhcabDFegbAegFcHdiacbedigfhdIgfhbeachEfcgadIb;0,0,1,2,3,4,4,4,4,5,5,1,2,3,3,6,7,8,5,9,2,2,3,6,6,7,8,10,9,11,11,3,12,12,8,8,10,9,13,13,13,12,12,14,14,15,15,16,16,13,17,17,18,14,19,15,20,20,21,17,17,18,22,19,19,20,20,21,17,17,23,22,24,24,25,25,25,26,26,23,23
745;dgibafchEaeBghcdfihfcediGbacbgdihaefiaEfgBhcDfhDaceIGbedhcfabIgbiaHegfDcgcfiBdeAh;0,0,1,1,2,2,2,3,4,0,0,0,2,2,5,2,3,4,6,0,7,8,8,5,5,9,10,6,7,7,7,8,5,5,9,10,11,11,7,12,8,13,13,9,14,11,11,15,12,12,16,16,14,14,17,18,15,19,19,16,16,20,20,17,18,21,22,23,24,24,25,25,26,26,21,22,23,23,24,27,27
746;haiefgbDcgBfhdceiaceDbIaghfDhgfBiCaeifaChedgBbcegadifheDcAgfhbifihdebacGagbIcHfed;0,1,1,1,2,3,3,4,4,0,5,1,6,2,7,3,8,4,9,5,5,6,6,7,8,8,4,9,10,11,11,11,12,12,13,4,10,10,10,14,14,15,12,13,16,17,17,18,15,15,15,19,19,16,17,17,18,20,20,21,21,19,22,23,17,24,24,20,25,21,26,22,23,27,27,24,25,25,26,26,22
747;dgCaehbifBiEfdChGaafhgBiedchcgiadFbeeaibHfGcdfdbEcgaHicHadfBiegiedhgaCfbgbfciedaH;0,1,1,1,1,2,3,3,4,0,0,5,5,6,2,3,4,4,7,8,5,5,6,6,9,9,10,7,8,11,11,12,12,9,9,10,13,14,14,11,12,12,15,15,16,13,17,14,11,18,12,16,16,16,19,17,20,11,18,21,21,22,22,19,20,20,23,23,21,21,24,22,25,25,20,26,26,27,27,24,24
748;AhegbiFdcbcgfdeiahdiFaHcEgbedhbigacFFBaHCDgeicgieAFbhdIecdgbhfaGadifhcbehfbceadig;0,0,0,0,1,1,2,2,2,0,3,4,5,5,1,6,2,2,3,3,4,4,7,1,6,8,9,10,4,4,11,7,7,12,8,9,10,4,13,11,14,14,12,12,15,16,13,13,13,17,18,12,12,15,16,19,19,20,17,18,21,21,21,22,23,23,20,24,24,24,21,21,22,22,25,25,25,24,24,26,26
749;hFeabdcIgdcbifghaeagicehdbFbaGDhfiecciheGaFdbfedbciAghibcfDeGhAgDfhAbeciehagicbFD;0,1,1,2,2,3,3,4,4,0,1,5,2,2,2,6,6,7,8,9,5,10,10,11,11,7,7,8,9,12,12,12,13,13,14,14,15,9,9,12,16,16,17,17,18,15,19,19,19,16,16,20,17,18,21,22,22,23,23,24,20,25,18,21,22,22,26,26,24,20,25,27,21,28,28,26,26,20,20,27,27
750;EbciafhGDfdihgEAbcaHGDcbeiFcfbghdieadgeabicfhiahfecBdgHcfeIgdabgeabdHFcibidcFaghe;0,0,0,0,1,1,2,3,3,4,0,5,1,1,2,2,6,7,4,4,5,8,9,10,10,6,7,11,12,8,8,9,13,14,14,14,11,12,15,15,9,13,13,16,16,11,17,15,18,18,19,19,20,20,17,17,21,21,22,22,19,20,20,23,17,24,24,22,22,25,25,26,23,23,24,27,27,28,28,25,26
751;haibefdCgFbDicGehAgcehDabifbEacihfgdCdhfgeiabIfgdabcEhdGbehcafiehFabigdCaicgfdHBe;0,0,1,1,1,1,2,2,3,0,0,4,4,5,5,5,6,3,7,8,8,8,9,9,9,6,10,7,7,11,11,11,11,6,6,10,7,12,12,12,13,13,14,6,10,15,15,16,16,13,17,14,18,18,19,20,20,16,17,17,14,14,21,19,19,22,22,22,17,23,21,21,24,24,25,25,26,26,23,27,27
752;hgcfeaibddfeIbgcahbaicDhFGefcbgaEdhigEHdIcBfaiDahfbecgchDegfaibaifbhdgeCebgAcIHdf;0,0,1,1,2,2,3,3,4,5,6,6,6,7,2,3,3,4,5,5,5,8,7,7,3,9,4,10,10,10,8,11,11,9,9,12,13,10,14,8,11,15,15,12,12,13,14,14,8,16,16,17,18,19,13,20,20,21,17,17,17,18,19,22,22,21,21,23,23,24,24,19,25,25,26,26,26,24,24,27,27
753;EahcfdGbiiGchbaefddfbEigacHFcGahbdieahdiefbgcBiedgchAfgEIbchfdaHdFgaicebcbafdeihG;0,0,1,1,2,2,3,4,4,5,0,6,7,2,8,3,9,9,5,10,6,7,8,8,11,11,12,13,10,6,7,14,8,8,11,12,13,10,10,15,14,16,16,17,17,18,19,15,15,20,21,21,17,17,18,19,22,20,20,23,23,17,24,25,25,22,26,26,26,23,27,24,25,25,28,28,29,29,23,27,24
754;fhgAbidecceaDfhbgiidbegcaHfdCEgHaifbgbfiedhcaaihfcbeDgbFdhiGCaEhgcbaefIdeAicdfgbH;0,1,1,2,2,2,3,3,4,0,5,1,2,6,7,3,4,4,8,5,9,6,6,7,10,11,4,8,9,9,12,12,13,10,11,14,8,15,9,16,12,13,13,13,14,17,15,18,16,16,19,20,20,20,17,17,18,21,19,19,19,20,22,23,23,21,21,19,24,24,20,22,23,25,25,26,26,26,24,27,27
755;cfdIhagbEgaiedbhcfbehCFgaidfibhCedgaehgdAIbfcadcgBfIehicaFgheDbhgFbeDcAidbeaIcfhg;0,0,1,1,2,3,3,4,4,0,5,6,6,2,2,3,7,8,5,5,9,9,10,2,7,7,8,5,11,12,12,10,13,13,14,14,15,11,11,12,16,13,13,14,17,15,11,18,18,16,16,16,19,17,15,20,20,20,21,21,16,19,17,15,22,23,23,21,21,21,19,24,22,22,25,25,25,26,26,24,24
756;adhCebfgiifbDghaceegcafidhbgAFehcbIdcheibdgafdbigafceHHcDfigEbafiabceHDGBegHdAifc;0,0,1,1,2,2,2,3,4,5,0,6,6,7,7,2,3,4,5,5,8,8,8,9,10,10,4,11,11,11,8,12,9,13,13,14,15,11,11,8,12,12,13,14,14,15,16,17,8,12,18,19,19,20,16,16,17,17,18,18,18,21,20,22,22,17,17,23,23,24,21,25,26,26,26,26,27,27,24,24,25
757;ehifbgdacgbdahcFIEfCadeihGbbafciegdhdegHFBacIHIcGdaebfcfbegdihaidebahcfgaghicFBEd;0,0,0,0,0,1,1,1,1,2,2,3,4,4,5,6,7,7,2,3,3,8,4,5,6,9,9,10,10,3,8,8,5,6,6,11,12,13,13,14,15,5,5,16,11,12,17,17,14,15,18,18,16,19,20,20,20,14,21,22,22,19,19,23,20,20,21,21,22,24,24,25,23,26,26,21,27,27,28,28,25
758;aFgbcdihedBiaehfGccHEgfiBdahecdiagfbbifcgeHadGdahbFeciIgdehcabfeabfdgCIHFchiabdeg;0,1,1,1,2,2,2,2,2,0,0,1,3,4,5,6,7,7,8,9,3,3,4,5,6,6,10,8,9,3,3,4,4,4,11,10,12,9,13,13,14,14,11,11,15,12,16,16,17,17,17,18,19,15,12,16,20,21,21,22,18,19,19,12,20,20,20,21,22,23,19,24,25,25,25,25,21,22,23,24,24
759;bhdCFAigeifebhgcdaaCgdEibfheGiFAcdhbfBhgdeaIccDaibHGefheBagdfcigifecbHaddachifebg;0,1,1,1,2,2,3,4,4,0,0,0,2,2,5,3,3,6,7,7,0,0,8,5,9,9,6,10,7,11,12,8,13,13,9,14,10,10,11,12,15,15,9,9,14,10,16,17,17,15,15,15,9,18,16,16,19,20,20,20,20,21,18,22,23,19,20,24,24,25,21,21,22,23,26,26,26,25,25,27,27
760;GbcahfDieDfeigbAhcihaCeDgFbfdghbceaiHeBgIafcdcaidfeHbgaidecHBgFegfBaicdhbchfdgiea;0,0,0,1,2,2,3,3,4,5,0,6,1,1,7,7,4,4,5,6,6,1,1,8,7,4,9,10,10,11,1,12,8,7,13,9,10,10,11,12,12,14,13,13,13,15,11,11,12,16,14,17,17,18,15,19,19,20,16,14,21,17,18,22,22,23,20,24,24,21,21,25,23,23,23,26,26,27,27,21,25
761;IdgAbfcheehacigfDbcbfedhGaibfcdhaiegaihGfEbcdgedbciAFhhcifgdEbafgeHaBdicdAbiEChGf;0,0,0,0,1,2,2,2,3,4,4,5,5,1,6,7,7,3,8,9,9,5,10,6,7,11,3,8,8,9,12,10,13,11,11,14,15,15,9,12,10,13,13,13,14,16,15,15,12,12,17,17,18,14,16,19,19,12,20,20,21,18,14,16,19,22,22,22,20,21,23,23,16,19,22,24,24,25,25,23,23
762;gcbifHaedifhEAdgbceDacbgIfhbgfaEcdHicaidHbfgeHedfgibcaFhcgiaEdbdigbCehafabehDfcIg;0,0,1,1,2,3,3,4,4,0,0,5,5,2,2,6,6,7,8,8,9,5,10,2,6,11,7,8,8,9,12,10,13,13,11,11,14,14,14,12,10,15,13,16,11,17,17,18,15,15,15,19,16,16,20,20,18,18,18,15,19,21,21,20,22,22,23,23,24,24,21,21,20,25,25,26,26,24,24,27,27
763;aedfiBgCHIfGeChabdchBgAdeIFgiFcdaHeBBdchgeIfAeahbfIcdghCIABfDgefGadEcbHiDBeIHgFac;0,0,0,1,1,2,3,3,4,5,0,6,6,6,2,3,3,4,5,0,7,7,7,8,9,9,9,5,10,7,7,11,8,12,13,14,15,10,10,16,11,17,12,13,14,15,10,18,16,17,17,12,19,14,20,20,18,16,21,21,21,19,19,22,20,18,16,23,23,24,24,25,22,22,16,16,26,26,26,25,25
764;fIdbcAgheebchGdafighafeiCbDaEfIdBhgCiGbcfhEdacdheagbifbfedHciagdaiGbeFchhcgaifDeb;0,1,2,2,2,3,3,4,4,0,1,1,1,2,5,6,6,7,0,8,9,1,10,5,11,7,7,0,8,9,12,10,5,11,7,13,14,8,8,12,10,15,11,16,13,14,17,17,12,12,15,15,16,16,14,14,17,18,18,15,19,19,20,21,21,22,22,23,23,24,24,20,21,21,25,25,23,23,26,26,20
765;eiaDchbgfdbFgeIhcAcGhabfdeibfdEgciahGHifdaebcaechibGfdIdbcaefHgfcgbhdaiehAeIfgcdb;0,0,1,1,2,3,3,4,4,0,0,1,2,2,2,5,5,4,6,6,1,7,8,8,9,9,10,11,12,7,7,8,8,9,9,10,11,12,13,13,13,8,14,14,10,15,12,16,16,17,18,18,19,10,15,20,21,22,17,23,23,19,19,20,20,21,22,24,25,25,19,19,26,26,22,22,24,25,25,27,27
766;ibhafgecdgaEdHcbfidcFIebHagefBcidGHaadigbhfeCchGfaedIBheaBgIcdffgcedaibhbidhcfAge;0,1,1,2,2,3,3,4,4,0,1,1,5,2,3,6,6,6,0,0,0,5,5,5,5,7,6,8,9,9,10,11,12,13,7,14,8,15,16,10,11,12,13,14,14,15,15,16,17,18,18,19,14,14,20,20,17,17,21,19,19,22,22,23,20,23,17,21,24,24,24,22,23,23,23,25,25,25,26,26,22
767;gbhFcaIEdfieBdHcagcdAigeBFhBHceadgifdfgcibaheeaiGHfdcbigdhecfbaaefdbihgChcbAfgeDi;0,1,2,2,2,3,4,5,5,0,1,3,3,3,3,4,5,5,6,1,7,7,8,8,8,5,9,6,6,10,7,8,11,11,5,9,12,13,10,14,14,15,15,15,16,12,13,13,17,17,18,19,15,16,20,13,21,21,22,18,19,23,23,20,20,24,24,22,19,19,23,25,26,26,24,27,27,28,28,23,25
768;ciafgbHDEeGFhcdbAIHBDEaifgcFCeibGdhabaHcDfIegiDgAehcfBAFBDiEgchdeighcabFghcBFAEid;0,0,0,1,2,2,3,4,4,5,0,6,1,1,1,3,4,4,5,5,6,7,8,8,9,4,10,11,11,6,7,7,7,9,12,10,11,13,6,14,14,15,15,12,10,13,13,16,14,14,17,17,18,10,19,13,16,20,20,17,18,18,10,19,13,21,20,20,22,22,18,23,24,24,21,21,20,25,25,25,23
769;ahfbiedgcbCgdfaEihdIehCgAFbfdAgbcheiHGbiedcAfceiaHFgBdeFhcgibdagaCfDbIhEiBdeahfcG;0,0,1,1,1,2,2,3,3,0,0,4,4,5,2,6,3,7,0,0,4,5,5,2,6,8,7,9,9,10,10,5,11,6,8,8,9,9,10,10,11,11,12,12,13,14,15,16,16,16,16,12,17,13,14,15,18,18,18,19,19,17,13,20,21,21,22,23,24,25,25,13,20,26,26,22,23,24,25,27,27
770;DgcbaheiFbfAiecghdiehfdgCAbfdiehbacggaeDcibfhhcbgfadeiChfaGdibEaidHbefgcEbgcIfhdA;0,0,0,1,2,2,2,3,3,4,4,5,1,6,6,6,7,3,8,4,5,5,9,7,7,7,10,8,4,11,11,9,12,12,13,10,14,4,15,15,9,16,16,13,17,14,4,18,18,9,9,19,13,17,20,20,18,21,21,22,19,19,17,20,20,23,24,24,22,22,19,25,20,23,23,24,26,26,27,27,25
771;ebHFgidaccgIdahebfAfDbCehgifcEAibghdhIgEfdbCadabChgifeiEFgbCadhgdahefcibbhcidafeg;0,0,1,2,2,3,4,4,5,6,0,1,2,7,3,4,4,5,6,1,1,2,7,8,4,9,5,10,11,11,12,7,8,13,9,5,10,11,11,12,12,8,13,9,14,15,11,16,17,17,17,13,9,14,15,18,16,19,19,19,13,20,21,15,18,18,22,19,19,23,20,21,24,24,22,22,25,25,23,20,21
772;icHDaeBgFbfehgcadigadFibechagbifhdecchiebDfAGedfgcAIhBhbCaefgidfIaCdghbedeGbhicfa;0,1,1,2,2,3,3,3,3,0,4,5,6,7,7,7,8,8,4,4,5,6,6,9,9,10,11,12,13,13,14,14,15,15,10,11,12,12,12,12,14,14,15,10,11,16,17,18,18,19,19,19,20,11,16,17,18,18,18,21,19,20,22,23,24,24,25,25,21,19,20,22,23,24,24,26,26,21,21,27,27
773;aHfdebgcicegifhBaDdibcagFheHfdbgEaicbceHiadfggaifcdhEbFdcghIeBaigAeBfcdheBhAdcigf;0,0,1,1,2,3,4,4,5,6,6,7,1,2,3,4,4,5,7,7,7,1,1,8,8,9,10,11,11,11,12,12,12,9,9,10,13,13,14,15,15,16,16,17,17,18,14,14,19,20,21,16,17,17,18,19,19,19,20,21,21,22,22,18,23,23,24,24,25,25,25,26,23,23,23,24,24,24,25,25,26
774;fcGdIebhaAdihBcgefbEhagfdichbcfegiaddgEbaiCfhifachdEbgGaBEdhfcichDifbageEiFGcahdb;0,0,1,1,2,3,3,4,5,6,6,1,1,2,3,3,4,5,6,6,7,7,8,8,9,9,10,11,7,7,12,8,13,14,10,10,11,7,15,12,16,13,14,10,17,18,19,15,16,16,20,20,21,17,18,19,15,16,16,22,21,21,17,18,19,22,22,22,22,21,21,21,18,19,23,23,23,23,23,24,24
775;hbefdIAgcdcfbgaheiiagHecfdbfghicDbaecEDahbifgaIBgfedchgdicbFehaBfCeAHgidehAdiGcbf;0,0,0,1,1,2,2,2,3,4,5,5,1,6,7,7,3,3,4,8,5,5,6,7,7,7,9,10,8,8,11,12,13,13,14,9,10,10,15,11,12,16,14,14,17,18,18,15,19,20,16,21,17,17,22,19,19,19,20,23,21,21,24,22,22,25,25,26,23,23,23,24,22,22,25,26,26,26,27,27,24
776;iachdgefbGhbfceidadefabiGchEcigaDhbFhbdcifaegAFgbEhdiCcdhefabGifiadgbchebgeihcfad;0,1,1,2,2,3,3,3,4,0,0,5,5,2,6,6,6,4,0,0,7,8,2,2,9,6,10,11,12,7,8,13,13,9,9,10,11,12,7,14,14,15,16,16,10,17,17,14,14,15,15,15,18,18,17,17,19,19,19,20,20,20,21,22,23,23,19,24,25,25,25,21,22,22,26,26,24,27,27,21,21
777;faEbIghdchdbfaceiggciehdbfadeahcFigbihgaebdcfCBfgDiAhebfhIgAcedaiDcfegbhEgcdBHFai;0,1,2,2,3,3,3,4,4,0,1,1,5,3,6,6,7,7,5,5,5,5,6,6,7,7,7,8,9,9,10,10,11,11,11,12,8,13,9,14,10,10,15,15,12,8,13,14,14,16,16,16,15,15,17,17,18,19,16,20,20,20,21,22,23,18,19,19,24,24,25,21,22,23,23,19,19,26,26,25,21
778;bCfeiaghDiHgdfcebAaedbhgfcihFcADbiegEdagciBfhgibfehadcdaecgFhiBfghibDcaeCbihaeDgf;0,0,0,1,1,2,3,4,4,5,6,0,7,1,2,3,3,3,5,6,6,7,1,8,8,8,9,10,10,11,11,12,8,13,13,9,14,14,15,15,12,12,16,13,17,14,18,18,18,16,16,16,13,17,19,19,18,20,20,20,21,22,22,19,19,18,20,20,23,21,22,24,25,25,26,26,23,23,24,24,24
779;HcebadfgiAFghicdebbdifegChAeibacFhdggafIdHbcEdhcegbaifcedgbaifhIBhDFegacFgachieBd;0,0,0,1,1,2,2,2,3,4,5,5,5,6,7,7,7,3,4,5,5,6,6,7,8,8,9,4,10,11,6,6,12,12,13,9,14,10,11,15,15,15,12,13,9,14,16,16,17,17,15,12,18,18,14,16,19,19,17,15,20,20,21,22,22,19,23,17,24,24,20,21,22,25,25,23,17,26,26,27,27
780;DEbigAhcffighcdabEahcebfidgibFGeHdaccgadfiehbEdhcabfgibCiahegFdhfeBDgCIAgadficbeh;0,0,1,2,3,3,4,4,4,0,0,1,2,2,5,5,6,7,8,9,9,9,9,5,6,6,7,8,10,10,11,12,12,12,6,7,8,8,13,11,11,14,14,15,15,16,13,13,17,18,19,19,20,15,16,13,17,17,18,21,21,20,15,22,13,17,17,18,23,23,23,23,22,24,24,24,25,25,26,26,26
781;dgefbhIcacbagDiEfhihfcEadgbhfGeicbaDediagbchFbacdhFgeiacdifEhbggEHbadficfibhcgade;0,0,1,2,2,2,3,3,4,5,1,1,1,6,6,7,8,4,5,9,9,10,6,6,7,8,4,11,12,12,10,13,13,14,8,15,11,10,10,10,16,16,14,17,15,18,18,18,19,19,20,20,17,21,22,23,23,19,19,20,24,24,21,22,22,25,25,26,27,28,28,21,29,29,30,30,26,27,27,31,31
782;hFgdiceaBebcahgfdIdiaebFHcgbedhCiagfaghfdeibcICfgaBdHecdbIehgfaghicFabedfaebgDcIh;0,0,1,1,1,2,2,3,3,0,0,0,4,4,5,6,3,6,7,7,7,4,5,5,6,6,6,8,7,9,9,10,10,6,11,12,8,7,13,13,13,14,14,11,12,15,7,16,16,17,14,14,18,12,15,16,16,17,17,17,19,18,20,21,16,22,22,23,19,19,24,20,21,21,23,23,23,25,25,24,24
783;fghaidecBBedchgaificAefbdgheafbcHGdigbciDefhaHDiFgacbecfEdbihagaigheCbfddhbgafieC;0,1,1,1,2,2,3,3,3,0,4,1,1,5,5,6,6,6,4,4,7,7,5,5,8,9,9,10,4,4,11,11,12,8,13,13,10,10,10,11,11,12,12,13,14,15,16,17,17,11,11,18,14,14,15,16,16,19,18,18,18,20,14,21,21,22,19,23,20,20,20,24,25,25,22,23,23,26,26,26,24
784;ighfcbdaeebdGaifhccafDheBiggiChdaebffeabicgdhdhbefgicaaceiBfhgDbdgAEhcfIhfIcGdAeB;0,0,1,1,1,2,2,3,3,0,0,1,4,2,2,5,5,3,6,0,4,4,7,2,5,5,8,6,9,9,4,7,10,5,11,8,12,13,13,14,10,10,15,11,16,12,12,13,14,17,18,15,16,16,12,19,19,20,17,18,18,21,22,23,19,20,20,24,24,25,21,22,23,19,26,26,24,24,25,27,27
785;aBgcdHeFidiHEbFGacefCigabhdhdagicFbEigEDfbachbcfhaeidgcebfhIdGAgaiBcdhefFhDAeGcib;0,0,0,1,1,2,2,3,3,4,0,5,6,6,7,2,8,3,4,4,5,5,5,7,9,8,10,11,11,11,11,12,12,9,13,10,14,14,15,16,16,16,13,13,13,17,15,15,15,18,16,19,20,20,17,21,22,22,18,23,19,24,20,17,21,25,25,23,23,24,24,24,17,17,26,26,26,26,24,27,27
786;eabhIFDgchgdeacBfiFIcGbdahecbefgAidhifgbdhecaadhIcEgbfbhfdeIcagdciahgfebgeACfBhiD;0,0,1,2,2,2,3,4,4,0,0,1,1,2,5,3,4,6,7,7,8,8,5,5,9,9,6,10,11,11,11,12,12,13,14,6,10,15,16,16,17,17,13,14,6,10,15,18,16,17,17,19,19,20,10,21,18,22,23,17,19,19,20,21,21,22,22,23,17,24,24,24,21,25,25,22,23,23,26,26,26
787;fadhibCgehcgeDfiABbeigCafdhibfagdehCaDeFhCGbiGhcibeafddiabeghcfCgHdfibeaefbcahDig;0,0,1,1,2,3,3,4,5,0,6,6,7,2,3,3,4,5,8,6,6,7,9,9,10,4,11,8,6,12,12,9,13,10,14,11,15,15,12,9,9,13,13,14,16,15,15,15,9,17,17,18,14,16,19,15,20,20,20,20,18,14,21,19,22,22,23,18,18,18,24,21,19,19,23,23,25,25,25,24,24
788;iaHfGBcdEbcgdeiAfHdefachgibadcghfebIhbeiadfgCfgicbehadefbhDgicacidefabhgghabicdeF;0,0,1,1,2,2,3,4,4,0,5,6,7,3,3,3,8,4,5,5,6,7,9,9,8,8,10,11,11,12,12,12,9,8,13,10,14,14,15,15,16,17,17,13,18,19,20,20,21,16,16,13,13,18,19,22,23,21,24,24,25,13,18,26,22,23,27,27,28,25,29,29,26,22,22,27,27,28,25,30,30
789;ICeagfdbhabgChdiEfhfdeBicgafgabdceHiDeigFhBacchbiAEGfdgicfeAHdbBahdigFceedfHcbAIG;0,0,1,1,2,2,2,2,3,4,0,5,5,6,6,2,7,3,4,4,8,9,9,9,7,7,3,8,8,8,10,10,9,11,11,12,13,8,8,14,10,15,15,12,12,13,13,14,14,16,17,18,18,19,13,13,14,14,16,17,20,20,19,21,21,22,23,24,17,25,25,26,27,27,22,23,24,28,28,28,26
790;gfaDihBeChedcabfgicBiEFghAdFghBDiaceeachgfdibdibaecgfHIdFghecbaacefbdihgbhgICaedf;0,0,1,1,1,2,3,3,4,0,5,6,6,2,2,7,8,4,9,5,6,6,6,2,7,8,10,9,5,11,11,11,12,12,8,10,9,13,14,14,15,12,12,16,10,9,13,13,17,15,18,19,16,10,20,21,17,17,22,18,19,19,10,20,21,21,22,22,18,23,23,24,20,21,21,25,25,26,26,24,24
791;haCfdbiegbDEgAifchfigcheadbIhaeCfgbdCfBdgheaiegdiBachfgchafDbieaBiheGdfcdefbichGa;0,0,0,1,1,1,2,2,3,0,0,4,5,5,6,6,3,3,7,4,4,8,9,9,10,3,11,7,12,8,8,13,10,10,14,11,12,12,15,15,13,16,16,14,17,12,18,18,15,19,19,19,19,17,20,18,18,21,19,22,23,24,25,20,18,21,21,26,22,23,24,25,27,27,21,21,26,22,22,24,24
792;cbHadefgIfedghIcaBigaCbfdehDaEifbHcGhcfdagibebIgechadfgDbfiaehcEfchgdBiaahibecgfd;0,0,1,1,2,2,2,3,3,0,0,4,4,4,5,6,6,7,8,8,4,9,10,5,6,6,7,11,11,11,9,10,12,12,13,13,14,15,15,16,10,10,13,13,17,14,15,15,16,16,18,18,19,17,20,20,20,21,16,22,22,19,19,20,20,23,21,24,24,22,25,26,27,27,23,28,28,22,22,25,26
793;EiAbcfdhgDfchagBeigbhdieaFCcaigFDHBehegabcidffdBEHicgaIcefdhgabbhfcgaeiDagdiebfch;0,0,1,2,3,3,4,4,5,6,0,1,2,2,2,4,4,5,6,7,7,2,8,8,9,9,10,11,7,7,7,7,12,9,9,10,11,13,14,14,12,12,15,15,15,16,13,13,17,17,18,18,15,15,16,13,19,19,19,20,20,20,21,22,13,23,19,19,24,24,20,21,22,23,23,25,25,25,24,20,21
794;afbeicHdgchGFDabiedieghbCfagcfbadIEhebihCgdafhDAiefgBcfadcbHegiBehAgiFcdigcdfeahb;0,0,1,1,1,2,3,3,3,4,0,5,5,6,2,2,2,7,4,4,5,8,6,9,9,9,7,10,10,11,8,12,9,9,13,13,14,14,11,15,12,12,16,13,13,14,14,17,15,12,16,16,16,13,18,19,17,15,12,20,16,21,21,18,19,22,22,20,20,23,23,23,19,19,22,24,24,24,24,25,25
795;agbeiHDcfdfigAchbeceHBdfgiaeIdcfAbGHhcfigbeADgBahedcfiideacgfhbFHGdbiaecbacfheidg;0,1,1,2,2,2,2,3,4,0,5,1,6,6,6,7,3,4,8,5,1,9,9,10,7,7,4,8,11,12,12,12,10,10,13,14,15,11,16,17,18,18,18,13,14,15,11,16,17,19,20,20,21,22,23,11,16,17,19,20,20,21,22,23,24,24,17,25,25,26,21,21,23,23,27,27,28,28,26,29,29
796;cahdegbiFdbGfIcaehifehABgcDhgabCIfdefcbehdiAgedIgfahbcbefidHcgaaIDcgfehbghcAbEdfi;0,0,0,1,1,1,2,2,2,0,0,0,3,4,4,5,2,2,6,7,7,3,3,8,5,2,9,6,10,10,11,12,8,13,13,9,14,10,10,11,12,8,13,15,9,14,16,10,17,12,18,13,15,15,19,16,20,17,17,18,21,22,22,19,19,20,17,23,21,21,21,24,25,25,20,17,23,23,21,24,24
797;BefagdhciagicbhdfechdeifbagfibHegAdchaeidcgBfgdCbFaIehDChFAiegBefgdhbCiaibAgcefHd;0,0,1,1,1,2,2,3,3,4,0,5,5,6,6,7,7,8,4,5,5,5,9,10,10,10,8,4,11,11,9,9,9,12,13,13,14,11,15,15,16,16,12,12,13,14,17,18,18,19,20,12,12,21,14,17,17,22,19,20,23,23,21,24,25,25,22,22,20,23,26,21,24,27,27,27,28,28,26,26,26
798;ahebGcdfIfdbieahcGcIghdfAeBIcaghdfbebfdciegaheghfAbCidHbcdFIegadefaBgihcgAiechbdf;0,0,1,1,2,2,3,3,4,5,0,6,2,2,2,7,3,4,5,0,6,8,9,10,7,7,11,12,12,8,8,9,10,13,13,11,14,12,12,8,9,9,9,13,15,14,16,17,18,18,19,19,13,15,20,16,17,17,21,22,22,23,23,20,24,17,17,21,22,25,23,26,20,24,27,27,28,28,25,23,26
799;IbeCdagfhFacghbidehGdeifaCbcdiBaGeHfgfhdeibaCaebhfcdgidIGfbhceabcfAgehidehaicdFbg;0,0,1,1,2,2,3,3,3,0,4,4,1,2,2,5,5,6,7,7,7,8,9,9,10,5,6,11,8,8,8,9,12,10,13,13,11,14,8,15,9,12,16,13,13,11,14,14,15,17,16,16,18,19,20,21,21,22,17,16,23,18,19,20,24,24,22,17,25,23,18,18,26,26,27,27,25,25,23,28,28
800;fhCIegabdbidhfacGeegadcbhfidabFgeihcifGcahdebHceBdiGaFcdhgbfeiageFAidbchaBIEhCfdg;0,1,1,2,3,3,3,4,4,0,1,1,2,2,5,5,6,7,8,9,1,2,2,5,5,6,7,8,9,10,10,10,11,11,11,7,12,12,13,10,14,14,15,16,16,12,12,13,17,18,14,15,16,19,20,20,20,17,18,21,19,19,19,22,22,23,18,18,21,24,24,24,22,22,23,25,25,21,24,26,26
801;AegidchfBficbehgaDbhdfAgeichdegbafciGbfchiAdecaiefdbgHdfbaieChgeghDcfiBAicahgbDEF;0,0,1,2,2,3,3,4,5,0,0,1,2,2,2,3,4,5,6,7,1,8,8,9,3,4,5,6,7,7,8,8,9,10,10,5,11,12,12,13,8,14,14,15,16,11,17,12,13,13,18,14,15,16,11,17,19,19,19,18,15,15,20,21,21,21,22,22,23,23,24,20,25,25,26,26,22,27,27,24,24
802;IehagfdbcgdbIhceafFcabdehigcagebifhdbidcfhgeaHfEgadicbegiFcbadHahCDigbfeDbfheAcGI;0,0,1,1,2,3,3,4,4,5,5,1,1,2,2,6,4,7,8,5,9,10,11,11,6,4,7,8,12,9,10,11,11,11,13,7,8,12,9,14,14,15,16,13,17,18,18,19,14,14,15,16,20,17,18,21,19,19,22,22,16,20,23,18,21,21,19,22,22,16,24,23,25,25,25,26,26,26,24,24,24
803;gehiFdAbciAbecgdfhdfcbhAeigfIdagchebaBGhefCdihcEdIBGafcgafbeihDbdiGahfceehfcdibga;0,1,1,2,2,3,3,4,4,0,5,5,2,2,2,6,4,7,8,8,5,9,10,10,6,6,7,11,5,5,9,9,12,12,13,13,11,14,14,15,9,12,16,17,17,11,11,18,15,15,19,16,20,17,21,21,18,22,23,19,24,20,25,26,21,18,22,23,24,24,27,25,26,28,28,22,29,29,24,27,25
804;aicEhbfgdgebfdiachdfhcAgiebFgadchbieHDigbEcfabceifahdGeadbIFGHcibghecdafchFagdebi;0,0,0,1,2,2,2,3,3,4,0,0,1,5,6,6,6,7,4,8,8,1,5,5,5,5,7,4,9,10,10,10,10,11,11,11,12,9,13,13,10,14,15,16,16,12,17,17,18,19,14,15,15,16,12,20,18,18,19,21,21,22,16,12,20,23,24,24,25,22,22,26,27,27,23,28,28,25,25,26,26
805;biafecHdgfgcAdheibhedgbIAfCabhifdcGeEdicagfBhgcfbheiadiaehGbDcFdfgecaBhichbdiFgea;0,1,1,2,2,2,3,3,4,0,5,6,6,6,7,7,8,4,0,5,9,10,10,7,7,8,11,12,12,9,10,13,7,14,11,11,12,15,15,16,13,13,14,17,17,12,18,19,16,16,20,14,21,21,18,18,19,22,16,20,14,21,21,18,22,22,22,22,23,23,23,24,25,25,26,26,27,27,23,23,24
806;feabgcHIdcdifaheGbgbhiedfCadiEchabfgHFcgbeaDiagbdIFcheihgefBDaCbadhCgiefecfadigbh;0,0,1,1,2,3,3,3,4,5,1,1,2,2,6,7,7,4,5,5,8,2,2,6,6,7,9,5,10,8,8,11,11,12,7,9,10,10,13,13,13,11,12,14,14,15,15,16,17,11,11,18,19,19,15,15,16,17,20,20,18,19,19,21,16,16,17,17,20,22,22,23,21,24,24,25,25,26,26,26,23
807;fEAIdbgcHChgaefBIdBiDhcgaefebCfadhgiHAfBgiEDcdgiEhcfAbicbgFAdHeAfhdiECBGGdEcbHiFA;0,1,1,2,2,2,3,4,5,0,0,1,6,7,2,3,4,5,8,0,0,6,7,7,9,10,10,8,11,11,6,12,9,9,9,13,14,14,15,16,12,17,13,13,13,14,14,15,16,16,17,18,19,19,20,21,21,21,16,22,18,19,23,20,20,21,21,22,22,22,22,23,24,24,25,25,26,26,27,27,23
808;cDHbgaefifiadehgbcbgeficDahacigfDbhEgefahbicddhbecifgahfcibeadgIBdCAghEfEAGhDfcib;0,0,1,1,1,1,2,2,3,4,4,5,1,6,7,7,3,3,8,5,5,9,6,7,3,3,10,8,11,11,9,12,12,13,13,10,14,15,11,9,12,16,13,17,10,14,15,18,18,18,16,19,17,20,14,15,21,21,21,19,19,22,20,14,23,21,24,24,24,19,22,20,14,23,23,24,25,25,26,26,20
809;ibgchfaedAefDgicBHchDabEigfdgbfeahcihacgibdfeefihCdgAbbdeiacfhggiabfhedcFcheDgbIa;0,1,1,2,3,3,4,4,5,0,6,6,2,7,3,4,4,5,0,6,8,8,7,7,9,9,10,0,11,8,12,12,13,9,9,10,0,11,8,12,12,13,14,15,16,17,17,18,19,12,20,14,15,16,21,21,18,19,22,20,23,15,24,25,21,21,19,22,23,23,23,24,25,26,26,27,27,28,28,29,29
810;dahbFIegCgifdcehaBbechagdiFhficgbadeegafidbChcBdaehgfifDeibaCHgacBghfIEDIhgedcfba;0,0,1,1,1,2,2,3,3,0,4,4,4,5,6,6,3,7,8,9,9,10,5,5,11,3,7,8,8,10,10,10,11,11,12,7,13,8,10,10,14,15,12,12,7,13,13,13,14,14,15,12,12,7,16,17,17,18,14,19,19,20,21,16,16,22,18,23,23,19,20,21,16,16,22,24,24,23,19,25,25
811;gdhebCifaecifdAghBabfghiceDchgbaediffebicdaghiaDhfgBcedfacgHEbibgeaifHdchicDebFAg;0,1,1,1,1,2,2,3,3,0,4,4,4,5,2,6,6,7,0,0,8,8,5,9,9,9,7,10,10,10,11,12,12,9,13,13,14,14,15,11,12,12,16,17,17,14,14,15,11,18,18,16,17,19,20,20,15,21,21,21,22,19,19,20,23,23,23,23,21,22,24,24,25,25,26,26,27,27,28,28,28