301;FAHidgcbebecfhaDIgdGIbceafhcIFgaBhedgdbheCiAfaheDFibgcHbdeifgcaifAcgdEHbecgaBhfdI;0,1,1,2,2,3,4,5,5,0,1,6,7,7,3,4,8,8,9,9,6,7,7,10,4,11,11,12,12,13,13,14,10,10,15,11,12,12,16,16,14,17,17,15,18,19,19,19,20,20,20,17,17,18,21,19,19,22,22,23,24,25,25,21,26,26,27,22,23,24,25,25,28,28,27,27,27,29,29,30,30
302;eaGihCBfdbdcagfHeihfibDegcAchaefdIBgdGECibfahibfHAGedcFchDeiagbgidfbaChEaEBgchdif;0,1,2,3,3,4,5,5,5,0,1,2,6,4,4,7,7,8,0,0,9,6,6,10,11,11,8,12,13,9,6,14,10,15,8,8,12,13,16,17,14,18,15,19,20,21,16,16,17,14,18,22,19,20,21,16,23,17,24,22,22,25,25,26,26,23,17,24,27,27,28,28,26,29,29,29,30,30,30,28,28
303;afdgbecIHGcihafbdehbeCiDgaFfdHECiaBGbIcafghEdEAgdHbfciDgabehifcihbfDcegaCEfigadhb;0,1,1,2,2,3,3,4,5,0,0,6,2,2,2,3,4,5,7,0,6,8,8,9,9,4,10,7,0,11,12,13,9,9,9,10,14,0,11,12,13,15,15,16,10,14,17,17,18,13,19,19,16,20,21,21,22,18,23,24,19,25,20,26,26,22,22,23,24,25,25,27,28,28,28,28,29,29,30,30,27
304;daBEcIhgfgCihfbDeafheAgdcIbabdfegihcHgcibaFdEiEfcDhBaGCdHgaFebieiabhcGfDbfgdieacH;0,1,1,2,2,3,3,4,4,0,5,5,6,2,2,7,4,8,9,10,5,6,11,2,7,12,8,9,10,5,6,11,13,13,12,8,14,15,16,16,17,17,18,8,8,14,15,16,19,19,18,18,20,20,21,21,19,19,22,23,24,25,25,26,27,19,28,22,23,24,25,25,26,27,28,28,28,29,29,30,30
305;hIdEbacFgaegHCfbiDCBfgidheaigcfebdahEfbdAhigCdAHcGIebfGCaBhefdibdiafcghefheIdgAcb;0,0,1,1,2,2,3,4,4,5,6,6,7,8,2,3,9,4,5,10,11,7,8,3,3,9,9,12,10,11,13,8,14,15,15,16,12,17,17,13,13,14,14,18,16,12,12,17,19,19,20,20,18,21,22,22,17,23,23,24,25,21,21,22,22,26,26,23,24,25,25,21,27,27,27,28,28,24,29,29,21
306;dHeGacBfiiGCfbheaDbfaIDEchgaidBcFgEHEcgahdibffBheigDcacdfhgBaIeHabDeifgcgeicfahdb;0,1,1,1,2,2,3,3,3,0,4,4,5,2,6,6,7,3,8,9,4,5,10,10,11,7,12,8,9,13,5,10,10,11,11,12,14,13,13,5,15,16,16,16,16,14,17,17,15,15,18,18,16,19,14,20,17,21,22,23,23,19,19,14,20,24,21,22,22,22,25,19,14,24,24,24,26,26,22,25,25
307;ciEgbafdhgaHdfiCEbfdbhecagiehgiaBdcfaCIfHdEbGbfdcgehIahbaedgifCiefBcHGAdDgcAIFbhe;0,1,1,2,3,4,4,4,5,0,0,6,2,3,3,7,5,5,0,0,6,8,3,9,7,10,10,11,12,13,8,8,9,9,14,10,11,12,13,8,15,15,14,14,16,17,17,18,18,15,15,19,19,16,20,21,21,22,23,24,25,16,16,20,21,21,22,23,24,25,26,26,27,27,27,22,28,28,28,26,26
308;IEcbfahgdbghieDfaCAdFGcHiEbdhiaBcgfeGfbeHicdaecadgfbiHfAdhibEcgcbgfaeDhiHiEcdgABf;0,0,0,1,1,2,3,3,4,5,6,6,1,7,2,8,9,4,5,10,11,12,7,7,8,9,9,13,10,11,12,12,14,8,15,16,13,13,11,17,12,14,15,15,16,18,13,19,17,20,14,21,22,16,18,18,19,17,20,23,21,22,22,24,18,25,25,20,23,26,26,27,24,28,28,29,29,29,26,26,27
309;ahbfgcidedeFbiaGcHCgiEdhbafIDchFBaegEfaiCGhbdhbgdaeficbadChfegigchAEiDFbfiEgbdCHa;0,0,1,2,2,3,4,4,5,6,6,1,7,7,3,8,8,5,9,9,10,10,7,7,11,12,12,13,14,14,15,15,16,11,17,17,13,18,18,18,18,16,16,17,19,13,20,20,20,20,21,21,19,19,22,22,23,23,24,25,25,25,26,27,22,23,24,24,25,25,28,26,27,29,29,24,24,28,28,28,26
310;EDafhgcIbbFidceGhachgiabdfefcbgIdeaHiEhCfabgdAGdBeHicFdbfagcheIGiehDfAbchacebIfDg;0,1,1,2,3,3,4,5,5,0,6,6,2,3,7,4,4,4,8,9,10,11,7,7,12,12,12,8,9,10,11,7,7,13,13,13,14,15,15,15,16,17,18,13,19,14,20,20,16,16,17,18,21,19,14,22,22,22,22,23,21,21,19,24,22,25,25,23,23,26,26,26,24,25,25,23,23,27,27,28,28
311;IagdhCFEbfdHBiegcabecfgADhieibcFgadhCfAedHIbgghDiabefCacIhefBgDHgfabdciedbEgcihaf;0,0,1,2,3,3,4,4,4,5,0,1,2,3,3,6,6,4,5,7,8,9,9,10,6,11,12,5,7,8,9,13,10,11,11,12,14,14,15,15,13,16,11,11,17,18,18,18,13,13,16,19,19,17,20,20,18,21,21,16,22,23,23,24,20,25,26,27,22,22,22,22,24,25,25,26,27,27,22,28,28
312;hBigAdecFCGfeIHbadEadCfbgihbigdcafHedhafeicgbfecbhGAdigchIbEDFaifBAdcheGadehgfibC;0,0,1,1,2,2,2,2,3,4,5,5,5,5,5,6,7,3,4,4,8,8,9,10,6,7,7,4,11,12,13,9,10,10,14,7,15,11,12,13,13,16,10,14,17,15,15,18,13,13,16,19,19,17,20,21,18,18,22,22,23,23,23,20,21,24,25,26,22,27,27,28,24,24,24,25,26,29,29,28,28
313;aHebiCfgdBcfgAdeihgdihfEcAbFGcidBaheiaDcehGbfhebAgFiDcEBaDcghfidfgehibcacihFbaDEg;0,0,1,1,2,2,3,3,3,0,4,4,1,1,5,3,6,6,7,8,4,9,5,5,3,10,11,7,8,12,9,9,13,3,10,11,7,14,12,9,9,13,13,15,11,7,14,16,17,18,19,13,15,15,20,21,16,17,18,19,19,15,15,20,21,17,17,22,22,23,24,25,26,26,27,27,28,28,23,24,25
314;HfdibcGaeCbEAghdfiiAgfedbhcFhiDcbegAecbgfaiDHgdaEhIfcbaehbdfcIGdGchIeabFBifCaghed;0,0,0,1,2,3,3,4,5,0,6,6,1,2,3,7,4,5,8,8,9,1,1,10,7,7,11,12,9,9,1,13,10,10,11,11,12,14,14,15,13,13,10,16,17,12,14,15,15,18,18,16,16,17,19,20,21,21,21,18,18,16,22,19,20,21,23,23,24,25,26,22,27,27,21,28,28,24,25,26,22
315;fHBigCdeadGifeachbaceDHbfgIhdCbFeiAgeIfadghBcgbahciEDfCageIdBfHBfDcahgieiehgbfacd;0,0,1,2,2,3,3,3,4,5,1,1,1,1,6,6,3,4,5,5,7,7,8,9,9,10,10,5,11,7,8,8,12,12,10,13,14,11,11,11,8,8,15,16,13,14,11,17,17,18,15,15,16,16,19,19,17,17,18,18,18,18,20,21,21,22,22,23,24,25,25,20,21,21,21,22,23,24,24,26,26
316;ahibdFgecGEbhAcdifFCdgIeaBhhbfIcgeaddAefbhicGcigDeafhbbfcagihDEegAchdbFiiDHefBCga;0,0,1,1,2,3,4,4,5,0,0,6,6,2,3,4,4,5,0,7,6,8,8,9,4,10,10,11,7,7,12,9,9,13,14,14,11,15,15,12,9,9,13,16,17,18,19,15,12,12,20,16,16,17,18,19,15,21,22,20,20,16,23,18,24,24,21,22,25,25,23,23,26,26,27,27,28,28,25,29,29
317;hFeBacGdigibheDcAfDACgifhbeIcgFBedhabhfidAeGCedAcghifbagdecbfIhFEiahgbcdcbhdfIAeg;0,0,0,0,0,1,1,2,3,0,4,4,5,5,5,2,2,3,4,4,4,5,6,6,2,7,8,9,9,10,10,10,10,10,7,8,11,9,12,10,13,13,14,14,15,11,16,12,12,12,17,18,18,15,11,16,19,20,21,17,17,22,22,23,24,19,20,21,21,25,22,22,23,24,20,20,26,26,25,27,27
318;bhaegFdCicfibdheaGgdeacIhbfiegdFcahbhAbgiecfdDCfhbaIgEFGhIADBeceIcfhBgdAabdcegfiH;0,1,2,3,3,4,4,5,5,0,1,2,6,7,7,7,8,8,9,6,6,6,6,10,10,10,10,9,9,11,11,12,13,13,14,14,15,15,16,16,12,12,17,14,18,19,15,16,20,12,17,17,21,18,19,19,16,20,22,23,23,21,24,25,19,19,26,22,27,23,24,24,25,28,28,26,27,27,29,29,24
319;bAghedCfihicafgebdEfdbcIhaGcgeiahbDfdhIFBcgeaabFDGeihcFCaeibdghIdbghAfcEGEhCdfaib;0,0,0,0,1,2,3,3,4,5,5,1,1,1,2,4,4,4,6,6,7,8,8,9,9,10,10,11,11,7,12,12,13,14,10,15,16,16,17,18,12,13,14,10,15,19,19,17,18,20,20,20,21,15,22,17,17,18,23,23,24,21,25,22,22,22,22,23,26,24,25,25,27,27,27,28,28,26,29,29,29
320;abgDiCefhdCfHaeiGbEIhfbgcadfacbeIhdggedAFhBcIBhigcdfeAcgaehbdIfidbcGfAHEhfeiDagbc;0,0,0,1,2,2,3,3,4,5,5,0,1,1,1,4,4,4,6,6,6,1,7,8,9,9,4,6,6,10,11,7,8,8,12,12,13,13,10,11,14,14,14,15,15,16,16,17,17,14,18,18,19,20,21,16,16,22,23,23,24,19,20,21,16,22,22,23,23,24,19,25,26,26,26,27,27,28,28,19,25
321;edaBChgifFciadgehbghbfieaCdDbHcgfiEacGFeAIbdhaIehbdcFGbegdFchAiifcghAdbEhaDIebfgc;0,0,1,1,2,2,3,4,5,6,6,6,2,2,7,3,4,5,8,8,8,9,9,7,3,3,10,11,11,12,12,9,13,14,15,10,16,17,17,12,12,13,14,15,18,16,17,17,17,19,13,20,20,18,21,21,22,22,19,23,24,20,25,21,21,26,27,19,23,24,20,25,21,26,26,27,28,28,28,25,25
322;hcgABifedeabdhFcgiidfegCHbafgIBdAehCDhcGIeaFbaBefchidgbeAiFgdchcidhebgafgFHcadBIe;0,0,0,1,2,3,4,5,6,7,7,8,1,2,3,4,5,6,9,9,8,8,10,3,4,5,11,12,12,8,13,10,14,14,5,11,15,15,16,13,17,17,18,18,11,19,16,16,13,17,20,20,18,11,19,21,21,21,22,23,24,24,25,26,26,21,21,22,23,27,27,25,26,26,28,28,28,23,29,29,29
323;FgabdiHecCbhEgAifdEiDFchGbahAgcefdIbdcfiabehgieBghdaCfbdihfGcaeaHedBCfgIgFcaieBdh;0,0,0,1,2,2,3,4,4,5,5,6,1,1,1,3,3,7,8,8,6,6,6,1,9,7,7,8,10,10,11,12,12,9,13,13,14,15,15,11,16,16,17,13,13,14,15,18,19,20,17,17,21,21,14,15,18,19,20,17,22,21,21,23,23,23,24,20,20,22,21,25,26,26,23,24,24,27,27,25,25
324;ahgfibcdEFcIgdeahBDeBahCIfgiAdbghFechfcdEIGbabgecafdiHcbahFDegiedhicgbAfgifEBahCd;0,0,1,2,2,3,3,4,4,0,0,1,2,2,3,3,5,5,6,6,1,7,7,8,8,8,5,6,9,9,9,10,11,11,12,12,13,13,13,10,10,11,14,14,14,15,16,16,17,18,19,19,20,21,15,22,22,17,18,18,19,20,21,23,23,23,24,24,24,25,25,26,27,27,28,28,29,29,25,25,26
325;bIdhgacFefeAbcidgHGchDfeabiedFiHcbAgCgiadbEhfAhBGeFIDcibcfaGheddageihfcbhfeCbdGia;0,0,1,2,2,2,3,4,5,6,6,1,7,8,8,3,4,5,9,9,1,7,7,10,10,11,11,12,9,13,14,14,15,10,16,16,12,17,13,18,18,15,15,19,16,20,17,21,18,18,22,22,19,19,20,23,21,24,24,22,22,25,25,20,23,26,26,27,27,27,27,27,28,28,29,29,30,30,31,31,31
326;dcfeBIAgHbAhgfceiDgieadHcbfedaicgfhBfbCdHegaiHGifabdecihDceABFgaFbhgdicEcEgBifhda;0,0,1,1,2,3,4,5,5,6,6,6,1,2,3,4,5,5,7,7,7,8,9,10,10,5,5,11,12,7,8,9,13,13,13,14,11,12,15,15,16,17,14,14,14,11,18,15,15,16,17,19,14,20,11,18,21,22,22,17,19,23,20,24,24,21,25,25,25,25,23,23,24,21,21,26,26,25,27,27,27
327;IdhBgaCfebefHicgdacgAdfeibhaiBgcDEhfdceahfbGiHfgebiacDGHdiEBFacfaicDghebebCFahdIg;0,1,1,1,1,2,2,3,4,0,5,5,6,1,7,3,3,4,8,8,9,6,10,7,7,7,11,12,9,9,10,10,10,13,13,11,12,14,14,14,14,14,15,15,16,17,17,18,19,19,14,16,16,16,20,20,18,21,21,22,22,22,23,24,20,25,25,25,22,22,22,23,24,24,26,26,26,26,27,27,23
328;ibFcdaehggchfieDbAeadbhgcifbgadFhiCeDfiaeCBghHEciGbfAdFdGHbiaecaiegCDhfbchbEafgDI;0,0,1,2,3,3,4,4,4,5,5,1,2,6,3,7,7,8,9,5,5,6,6,3,3,10,8,9,11,11,12,13,13,14,10,15,9,16,17,12,13,13,14,10,15,16,16,17,18,19,19,20,21,21,22,23,23,18,24,24,20,25,25,22,22,26,27,27,28,28,29,30,22,26,26,27,27,28,28,29,30
329;ChbDgiefaeaDbcfghiifgHeaDbChDCgfbiaEgBeaidHcfFiachebGddehFagcibbgFidcAEHacieBhFdg;0,0,1,1,2,3,4,5,5,6,6,7,8,2,3,4,9,9,10,7,7,8,11,11,12,9,13,10,10,14,15,16,16,12,13,13,17,18,14,15,19,19,20,20,21,17,18,18,22,22,19,20,23,21,24,18,25,25,19,19,26,23,21,24,27,28,25,25,29,26,26,21,24,27,28,28,28,29,26,30,30
330;abidGcheFDfchAEIbgEhgfBidacicAbfdeghHedacgbfibgFiehcdAfiBCdagHecaeGhbfidgDheIfaCB;0,0,1,2,2,2,3,3,4,0,0,1,1,5,5,3,3,4,6,7,7,8,5,9,10,10,11,6,7,7,8,5,9,12,12,11,6,7,7,13,13,9,14,12,12,15,15,16,17,17,18,14,14,19,15,15,16,16,20,18,14,21,19,22,23,16,24,20,18,21,21,25,22,23,24,24,26,26,25,25,25
331;EfhgcidBAGadefBCihcIbahdgfedhAfEcbgIfeCIbgaHdibgHDaecfbdiCAhfegagfbiehdchcedgFIaB;0,1,1,1,2,3,4,4,4,0,0,0,1,2,3,3,5,4,0,0,6,7,7,3,3,5,8,9,6,6,10,10,11,11,12,8,9,9,13,10,14,14,15,12,16,17,17,13,10,14,18,15,15,16,19,19,19,20,20,18,21,22,22,23,19,19,24,20,21,21,25,25,23,26,26,24,27,27,27,28,28
332;CaEFhidbgdhigbeAFcGfBdcaihEiecafdBghbgAcEhfIdHdFigbceafbhedcgaieIDbaGhCFacghifedB;0,1,1,2,2,2,3,3,4,0,1,1,2,2,5,4,4,4,0,6,6,7,5,5,8,8,9,10,11,11,7,7,12,9,9,9,10,11,13,7,7,12,14,15,15,16,11,13,17,17,18,14,19,19,16,16,13,17,17,18,20,20,21,22,23,24,24,25,25,20,20,21,22,23,26,26,25,25,25,27,27
333;gchdaibfeaFebghcIDdiBfEChagcdgaIBfehfhagceidbEbihfdAgCiAcEHGdBfhGdIbfeCaBefcdaghi;0,0,1,2,3,3,4,4,5,0,0,1,2,2,2,6,7,5,8,8,9,10,11,11,6,7,12,8,13,9,10,10,11,11,14,12,8,13,13,13,15,15,16,14,17,18,18,18,18,19,19,16,17,17,20,20,21,21,22,22,23,23,23,20,24,21,25,25,22,26,26,26,24,24,21,27,27,28,28,26,26
334;FGIdbaEHcbDcefhgaiEahCigdfbGfdhciAbeicageBFdhHebadfcigahfigCbeddbgFHeIcacIEbadhGf;0,1,1,1,1,2,2,3,4,0,0,5,5,6,7,3,3,4,8,8,9,6,6,7,10,10,4,11,9,9,12,13,13,14,14,4,11,11,15,12,16,13,14,14,17,18,18,15,19,16,13,20,17,17,21,21,15,19,22,23,20,24,25,26,21,15,19,22,23,23,24,25,26,21,27,27,28,28,28,29,29
335;geaciDbhfdHbaeFiCgicfGhbEadBIEdfhagcaghEbCDFicfdigaHbehdcfaegIBFbihdgCeaeAGbcifdh;0,0,1,1,2,2,3,3,4,5,0,6,6,7,7,3,3,4,5,8,6,6,9,7,10,10,11,12,8,8,6,9,13,13,10,11,12,14,15,16,16,17,17,17,11,18,14,15,15,16,17,17,19,19,18,20,20,15,21,17,22,22,23,18,24,24,25,21,26,27,23,23,28,28,25,25,26,26,27,29,29
336;eagdcBifhDihgafbECfbcheIdGAGhfibaecdieDCghFABacBEfdHigBdafiGchecgibheaDfhFeadcgbi;0,0,1,1,1,2,3,4,4,5,6,6,7,2,2,3,4,4,5,8,8,7,2,9,9,10,11,5,8,12,12,13,9,9,10,11,14,12,12,12,13,9,10,10,15,14,16,16,17,18,19,20,20,15,21,21,22,17,18,19,23,23,15,21,21,22,24,18,19,25,25,26,27,27,22,24,28,28,26,26,26
337;gabiEFcDhefCdgHabihDIbcaefGdcfeibHGaaiehdgbcfbhGAfcdieigachdfEBcehFBIgAdFbdGaeihc;0,0,1,1,1,2,2,3,4,0,5,1,1,1,6,3,3,4,5,5,7,8,6,6,3,9,10,11,12,7,8,6,6,13,9,10,11,12,7,14,15,16,13,9,17,11,12,18,14,15,16,19,19,17,11,20,18,21,15,22,19,19,23,24,20,18,21,15,22,25,19,23,24,24,21,21,26,26,25,27,27
338;daegIcfhBHcIFbDgeafgbAhECiDcihdebaGfaDfhcgiBEebgIFahdcIedcAhBfgbhcegfdaigfabdiEch;0,1,1,2,2,2,3,4,5,0,0,6,2,2,3,3,4,5,7,7,6,8,9,10,11,11,5,12,12,13,8,9,10,10,14,14,13,13,13,15,15,16,10,17,14,18,19,20,20,20,16,17,17,21,18,19,22,22,23,16,24,25,21,26,27,28,22,23,16,24,25,21,26,27,28,29,29,30,30,31,31
339;ICeagfdbhabgChdiEfhfdeBicgafgabdceHiDeigFhBacchbiAEGfdgicfeAHdbBahdigFceedfHcbAIG;0,0,1,1,2,2,2,2,3,4,0,5,5,6,6,2,7,3,4,4,8,9,9,9,7,7,3,8,8,8,10,10,9,11,11,12,13,8,8,14,10,15,15,12,12,13,13,14,14,16,17,18,18,19,13,13,14,14,16,17,20,20,19,21,21,22,23,24,17,25,25,26,27,27,22,23,24,28,28,28,26
340;fdiEcBHaGbaCDghefigheaifdbcEgaBFicdhhfdCAgBIeicbhedfgadihgbcaeFcEfidAghbABGfheiCd;0,0,0,1,1,1,1,2,3,4,0,0,5,6,6,2,2,3,4,4,7,5,5,8,8,2,3,9,10,7,11,5,8,12,12,13,9,10,11,11,11,14,14,13,13,15,15,16,16,17,17,14,13,18,15,19,20,20,17,17,21,18,18,22,19,23,20,24,25,21,18,26,22,19,23,20,24,25,27,27,26
341;hgdfcEibAcAbgIheDffieDbahgCIEcHFgBAddbGeaicfhahfbdcgiEgFachBdeibciaedfhgEDHigfacb;0,0,1,1,1,2,3,3,4,5,5,6,6,7,2,8,8,4,5,9,9,10,7,2,11,11,11,12,13,13,10,14,14,11,15,15,12,12,16,10,17,14,15,15,18,19,19,16,16,17,20,21,21,18,22,22,22,17,17,20,21,21,23,24,22,25,25,25,26,26,23,23,24,27,27,27,28,28,26,29,29
342;EFBhaiDcgdaGcbfIehichdgebaFCHfbDagieabeifgchdGdieHcfBaHedgiBafcFIcaeDHgbbgafChedi;0,1,2,2,3,4,4,5,5,0,1,6,2,3,4,7,7,5,0,6,6,6,8,8,7,7,7,9,9,10,11,8,8,12,13,13,9,10,10,11,8,14,12,12,13,15,15,16,17,17,14,12,13,13,18,18,16,19,20,14,21,22,22,18,23,23,19,20,14,21,22,24,18,25,25,26,26,27,27,27,24
343;bEafhdicgdiGaCefbHCfhGBIedAEcfHAgdibgAiedbchfhbDifcgaefheDiabGCigbcEhafdAdcbgfhEi;0,0,1,1,2,3,3,3,4,0,0,5,6,2,2,7,3,4,8,8,5,6,9,2,7,7,4,10,10,10,10,9,9,11,11,11,12,12,12,13,14,14,15,15,11,16,17,17,13,14,18,19,20,21,16,22,22,23,23,18,19,20,21,16,16,24,24,23,25,25,20,20,26,26,26,27,27,28,28,29,29
344;abigCdEhFdefahbcgiCHgfiebdahgcbeFaidbIEDaHgFcfdAcgIhbegcDibafehiaheFGdCBefBhdcIag;0,0,1,1,2,2,3,3,4,5,5,1,1,6,7,7,8,4,5,5,5,6,6,6,9,8,10,11,12,13,6,9,9,9,8,10,11,12,13,14,14,14,14,15,15,16,17,17,18,18,19,20,20,15,16,17,21,18,18,19,19,19,19,16,21,21,18,18,19,22,22,23,16,24,24,24,25,25,26,26,23
345;IehbacDfGAcBfgdihEgDFhieacbhiagbFedcdGcEhAfbifbecdIgAhefgaChBiDcAIdebhgfbhdIfgcea;0,0,1,1,2,2,3,3,4,5,5,6,1,2,7,7,4,4,6,6,6,8,8,8,8,8,4,9,6,10,11,11,12,13,14,15,9,10,10,16,12,12,13,14,15,17,17,18,16,19,12,13,13,13,20,20,18,18,19,21,13,22,23,20,20,24,18,25,21,22,22,23,26,26,24,25,25,21,22,27,27
346;afGCEBdhihDIAfgcbEecbhdifgagAdbifechciegahBFdbhFecdiAgfehdGCaibDbCiHagefigaFBehdc;0,0,1,1,2,2,3,4,4,5,5,5,1,2,6,3,3,7,8,8,5,1,9,6,10,11,7,12,13,13,13,9,14,10,11,15,12,16,13,13,17,14,18,18,15,16,16,19,20,17,21,18,22,23,16,19,19,20,24,21,25,22,23,16,19,26,26,24,24,25,22,27,28,28,26,26,29,29,30,30,27
347;cifgbahDebAdECHgifhegFdiCabfdAheCiBggbcDiFaehIHebagfcdafbihedgcegicfdbHADchaGbEFi;0,1,1,2,2,3,3,4,4,0,0,5,5,6,6,6,4,4,7,8,9,9,10,10,11,11,12,7,8,13,13,10,10,11,11,12,7,7,14,13,15,15,16,17,17,18,19,14,20,20,20,16,16,17,18,19,14,21,21,21,22,16,23,24,24,14,25,25,21,22,26,23,27,27,14,25,25,28,28,26,26
348;HfgacibDeeCbdGfhiaIadebhcFgchFiaeGbdgeafDbIchbdicHgAefAbCgedfhidihBFaegcfgEhiCdAB;0,1,2,2,3,3,4,5,6,0,1,1,2,7,3,4,5,6,0,8,1,2,7,3,9,10,10,8,8,11,11,7,9,9,10,10,12,12,12,13,13,14,14,15,15,16,17,12,18,18,14,14,19,19,16,17,20,18,18,21,22,23,23,24,25,20,26,27,21,22,28,28,24,25,26,26,27,27,27,28,28
349;icgdFHbeaeHbAcigfdAdfbgeChidFicBgEAhGaeHidfcBcbHeafidgbgaFdChIehicgEaDbffeDihbagc;0,0,1,1,2,3,3,4,4,5,5,6,2,2,7,7,7,4,8,5,6,9,9,9,10,11,4,8,8,6,12,13,13,10,11,14,8,15,15,12,10,10,10,16,14,17,17,18,12,19,20,20,16,21,22,17,18,12,19,23,24,16,21,22,25,18,18,18,23,24,16,26,22,25,27,27,28,28,29,29,26
350;AcidbgEfhBGfcehiDaHedfIacbgIbhaFcdgedacghefibefgidbhACfhbeAigcDcIaHgdbEfgDEbCfahI;0,0,0,1,1,2,3,3,3,4,4,0,5,6,2,2,2,7,8,4,0,5,6,9,10,10,7,8,8,11,11,12,9,10,10,13,14,15,11,11,12,16,16,17,13,14,15,18,18,12,19,20,17,17,14,14,21,12,12,19,20,22,17,23,21,21,21,24,24,24,22,25,23,21,26,26,27,27,28,28,25
351;ebHAgicfdagdefCibhfcIdHbGaehdbfcGEiAceFiDaHgbGiahbedCfiacbeDfHgdfgcAhbeIbhEgiFadc;0,1,1,2,2,3,4,4,5,0,6,6,2,2,3,4,4,5,6,6,6,7,7,8,9,10,10,11,11,11,11,12,8,9,13,13,14,14,15,11,12,12,9,13,13,16,14,15,17,18,18,9,13,19,16,14,20,17,17,21,21,19,19,16,16,20,22,23,24,19,19,25,26,26,22,22,23,24,27,27,25
352;hfacGiEdbdicbehafgEbgadFiChbGidhEcAfFDHgcabieaceifBhGdghDeIcFBaCebfAgdhiiAfhbdgec;0,0,1,2,2,3,3,3,4,0,0,1,1,5,5,3,4,4,6,6,7,7,8,8,8,4,4,9,10,10,7,11,11,12,12,13,9,14,15,15,16,16,16,12,13,17,14,14,18,18,19,19,20,20,17,21,21,21,22,19,19,23,23,24,24,25,22,22,26,23,23,23,25,25,25,22,22,26,27,27,23
353;dahcBgifeEGciFabHdbifDhecAGifAbcdEGhgBehaidcFChdGefAibacgedhfbIFEiagbhdchdbficGea;0,1,1,2,2,3,3,4,5,0,6,6,6,7,3,8,4,5,9,9,9,10,7,7,8,5,5,11,11,12,10,10,13,8,14,14,11,11,12,15,15,13,16,16,17,11,18,18,19,15,16,16,20,17,21,21,22,19,19,23,23,20,24,21,21,22,25,25,26,20,20,24,27,27,28,28,26,26,26,29,29
354;AFihdCbGegeCbAfdihhdBgIecafcigdfBHeaeahicgfdbfbdehagCiigEFbdahcDCfaeHiBGbhacGieFd;0,1,2,2,3,3,4,4,5,0,1,1,1,6,7,7,7,5,8,9,9,10,6,6,11,11,12,8,13,9,10,6,6,14,14,12,15,13,13,16,17,17,18,18,12,15,15,13,16,16,16,18,18,19,20,13,13,21,22,22,23,23,19,20,24,25,21,21,26,26,26,27,20,24,25,28,28,29,29,27,27
355;aebhcdGficdfegihBAighfabecdfbEChaidggaciDFbHEDhIGBecafbiadEHFgCecdbfGaihhFgaicdEb;0,1,1,2,2,3,3,3,4,0,5,5,6,6,7,3,4,4,8,5,5,9,9,7,10,10,11,8,5,12,13,13,13,13,10,11,14,5,12,15,15,15,15,16,11,14,14,12,17,18,18,16,16,11,19,19,20,17,17,18,21,22,22,23,23,20,24,25,25,21,26,26,27,27,20,24,24,28,28,29,29
356;efDAbichggbiceHdfaachgfdEIbBicdGFaehDhAbceigffgeihaBDcidfHaCgbEhabeIGfcdceGfdbHAi;0,0,1,1,2,3,4,5,5,6,7,1,2,2,3,4,4,5,6,7,8,2,9,10,4,4,11,12,12,8,2,9,10,13,11,11,12,14,8,8,9,10,13,15,11,16,14,17,17,10,10,18,15,19,16,20,17,17,17,21,18,22,19,20,20,17,23,23,21,21,22,24,25,25,26,26,26,24,24,24,24
357;gcaBiDfheedIFhGbcahbfecaigdahDiEfgbccibaghedFfgEdbcAIhdegHfiCAbIfhCaBdEGbacgdehFi;0,0,1,1,2,3,3,4,4,5,5,5,6,2,7,7,8,4,9,10,5,6,11,12,8,8,4,9,10,10,11,11,12,13,13,13,9,14,15,11,16,16,16,17,17,18,14,15,11,19,19,19,20,20,18,21,21,22,22,22,23,24,24,18,21,21,25,22,22,23,24,26,18,27,27,25,25,28,28,24,26
358;idfahegbCbGaFcdhIeCEHiBgadfgaeBdfichfcdgihbEaHIBeaCdFgdbgcfaEhiehcdgIfaBAfIhebcgd;0,0,1,1,2,3,3,4,4,0,5,5,2,2,3,3,4,4,6,7,8,8,9,10,10,11,11,6,7,12,12,9,9,13,13,14,15,7,16,12,17,17,18,19,14,15,16,16,20,20,21,18,19,14,22,22,22,23,21,21,24,19,14,25,25,25,23,23,26,24,27,28,29,29,29,29,29,26,27,27,28
359;ieFdAhCgbGbhcifedadCAbegifhcheiFbdagfGiadebhCaDbghCFEIbIdFGahcehaceBdgifefgHciabD;0,1,2,3,3,4,5,5,6,0,1,2,7,4,4,5,5,6,8,8,9,7,4,10,10,11,11,12,8,9,9,9,13,10,10,11,12,12,14,15,13,13,16,16,16,17,17,14,15,13,18,16,16,16,19,19,19,20,18,18,21,21,22,23,19,19,20,20,20,24,24,22,23,23,25,25,26,26,26,27,27
360;EhACfbidggdchIafebbifDgecHaFaeBcihGdhcBfdgEaiigdaeHbcFcBieaDGfhafgihcdbEdehgbFAiC;0,1,2,2,2,2,3,4,4,0,1,5,5,5,3,3,6,4,0,1,1,7,5,3,8,6,6,9,9,10,7,7,11,8,12,6,13,14,10,15,16,11,17,12,18,13,14,10,15,16,19,17,18,18,20,20,21,22,19,19,17,17,23,24,20,21,22,25,25,26,27,23,24,28,28,29,29,29,26,27,23
361;ahcefdGbifeIgBhDcaGdbicaefhBahdiFcEGEIgcabhdfdcfHgeiaBhGaFdCbiecbeAhifgDifdbeGAhc;0,1,2,2,3,3,4,4,5,0,1,6,6,6,3,4,7,5,0,8,9,10,11,3,7,7,12,13,8,9,10,11,14,14,14,12,13,15,9,16,16,17,18,18,12,13,15,16,16,16,17,19,20,12,21,21,22,22,23,23,19,20,12,21,21,24,24,25,26,26,27,27,28,28,28,24,25,25,26,26,27
362;iaedHgcFbBFDceaighGchfIbdaehdaebifcGFicgdhbEaebgacfHidAhbIfEgDccgfhadeBidEibGCahF;0,0,1,2,2,3,3,4,4,5,5,1,6,6,3,3,4,4,5,5,7,6,8,8,9,9,9,10,11,7,7,12,12,9,9,13,10,11,14,14,14,12,15,16,13,10,10,17,14,18,15,15,16,19,20,17,17,21,18,15,15,22,19,20,23,17,21,21,24,22,22,25,20,23,23,26,26,24,24,22,25
363;gFHibaeDcaedfgcHbicibhedgaFdBGEhicfaiHcAfbdGefaecDgbihhdfbaeiCGEgIdcfaHbbcaGIhFed;0,0,1,2,3,4,4,4,5,6,6,1,2,3,3,3,5,5,7,6,1,8,8,8,9,5,10,7,6,11,11,11,12,9,5,10,13,6,6,11,14,12,15,16,16,13,17,17,17,14,12,15,18,18,13,19,19,17,14,12,20,20,18,21,21,22,22,22,20,20,20,23,24,24,25,25,26,26,27,27,23
364;abdGecfIHgcFihAbedEhifdbacgfabhIGeDcIGedcfhabCDhabegfiHIaBFdcgEbegcaidhfdfceghIbA;0,0,0,1,2,2,2,3,3,4,4,4,1,1,5,5,3,3,6,7,7,8,1,9,9,10,11,6,12,8,8,13,13,14,10,11,12,12,15,8,13,13,14,14,16,17,17,15,18,18,19,19,14,16,17,17,20,21,22,22,22,23,16,24,17,20,21,22,25,25,23,26,24,17,27,27,28,28,26,26,26
365;GfdCihAebbCIEgAhfdHeafdbgcidAfgeCiBhcigbhFEDaebHDaicgfIdeaFgbhcfhbicedagagcHBdfie;0,1,1,2,2,3,3,4,4,0,0,0,5,5,6,6,4,7,8,8,8,9,9,9,10,7,7,11,11,8,12,13,9,10,14,14,15,11,16,12,13,17,17,17,14,15,18,16,12,19,17,17,20,20,21,18,16,22,19,23,24,20,25,21,21,26,22,19,23,24,24,25,27,27,26,22,22,23,23,28,28
366;abhfiECDgcifDhgabEGEdaCbfhiedgifhBcafACbedighiHbcGAeFdhgAeBcdifdCiHafgebbFegdihac;0,1,2,2,3,4,4,4,5,0,1,6,6,3,7,7,4,5,1,1,8,8,3,9,7,4,10,11,11,8,8,12,9,13,13,10,14,14,8,15,12,16,17,17,18,19,20,20,15,15,16,17,18,18,19,20,21,21,21,22,23,18,24,19,25,25,26,22,22,23,23,24,19,27,27,26,22,22,28,28,28
367;abEfcDHGIigcehbdfahdfGiabecgadbfhicEehIAGcfDBFCbdeigahCighafEbddFAibeChgbehcDgaif;0,0,1,1,2,2,3,4,5,0,0,1,6,2,2,3,4,5,7,6,6,6,2,8,8,4,9,7,10,11,6,12,12,8,13,9,14,10,11,15,12,16,8,13,17,14,18,11,15,19,16,20,13,17,21,18,22,22,19,19,20,23,17,21,21,22,22,24,24,20,23,25,21,26,26,27,27,28,28,23,25
368;hdiefcgABcgbaDHieffaEbIghcdihcfBAdGedbFgCeaihgeaihdbFcecgdaBfhIbfhCgiEDAaidHeFcbg;0,0,0,0,1,1,1,2,2,3,0,0,4,1,5,1,2,2,3,6,6,4,7,5,8,8,2,9,10,10,7,7,7,7,8,11,9,9,12,13,13,14,14,14,11,15,15,12,13,13,16,16,17,17,18,15,19,19,20,21,21,21,22,18,15,20,20,20,21,21,21,22,23,23,24,24,25,25,26,26,22
369;gEdacFbihcabdhifgefhIegbdACegHcfaIbdibfhEdacGaDCBigEhfhcafbegDiBFgiDcheAdiEgaHcfb;0,1,1,2,3,3,3,4,4,0,5,2,2,6,7,7,4,4,8,5,9,6,6,10,7,11,12,8,5,9,6,13,10,14,11,12,15,16,9,17,13,13,14,18,12,15,16,16,17,17,19,19,18,20,21,21,22,23,23,24,20,20,20,25,22,22,26,26,24,24,27,27,25,22,22,28,28,28,29,29,29
370;DHEabgfcIciaefdhgbgfbihcDeaBehCgiadFIAcfDbeHgfGdHAeibcabgdihCfeedigcfbAhHCfBeagid;0,0,1,1,2,2,3,3,4,5,0,6,7,8,2,9,4,4,5,10,6,7,8,9,9,11,11,10,10,6,12,12,13,13,14,11,15,16,17,12,12,13,13,14,18,15,16,17,19,12,20,20,18,18,21,16,22,19,23,23,24,18,18,21,22,22,23,23,25,24,26,26,27,27,27,28,28,25,24,29,29
371;aDfgeBhiccgeDIhaFBbiHfCagdeghcebdiAfeadhfibCGfBiCaGehDicabgFdeHdeGahcfbIHfbidecga;0,1,1,2,3,3,4,4,4,0,1,1,2,5,5,6,6,6,7,7,7,8,5,5,5,6,9,10,10,11,8,12,12,13,13,9,10,14,11,15,16,16,17,18,18,19,14,14,15,16,20,17,17,18,19,21,22,22,16,20,20,23,18,24,21,22,25,26,27,27,23,18,24,24,24,25,26,28,28,28,18
372;deFhgiabcigbCAEdHfaChfbDEgIeidgHaFcbchabifgdeBfGedCiahfaedcbhiggBiaFhcEdhDCiegBfa;0,0,1,1,2,2,3,3,4,5,0,0,1,2,2,3,3,4,5,5,0,6,6,2,7,8,8,9,10,10,11,11,7,7,7,12,9,13,13,14,15,15,16,16,12,17,17,18,14,19,15,20,21,21,22,18,18,14,19,19,20,23,24,22,22,25,14,26,26,27,23,24,28,28,25,29,29,27,27,27,24
373;aGHbeDiCfeCBIfghadidfchAebGfAIgchdebhbdeaigfcgecfdBaIhBhgAicfdecfadgeBHidieHbfCGa;0,0,0,1,1,1,2,3,4,0,5,6,7,7,8,2,3,4,0,5,6,9,9,8,8,8,4,10,5,9,9,11,8,12,13,4,10,5,14,11,11,15,12,13,4,16,14,14,17,18,15,12,19,19,16,20,14,17,18,21,22,19,23,24,20,25,25,18,21,22,22,23,24,26,26,27,27,27,22,22,23
374;DGeaIfchbfbicehdaghcadgBeiFCfbiDEagHAhgbfcieDeIdhAgbFCIdcfhaGbebehgCifdagaFebdHci;0,1,1,2,3,3,4,4,4,0,0,5,2,6,3,3,7,7,8,0,5,5,6,9,10,10,11,8,8,8,12,9,9,13,13,11,14,15,15,12,16,9,9,11,11,14,15,15,16,16,9,17,17,18,19,19,19,20,21,21,17,22,18,23,19,20,20,20,24,22,22,25,23,26,26,27,27,24,24,24,25
375;AcfDgehibbedhIfgCAiHGcbadefdieaHGbFccgAfdbEhifbhiecadghdbgficaEgFcEaHibDEaIbCdfgh;0,0,0,0,1,1,2,2,2,3,0,4,5,5,5,6,7,7,3,4,4,8,9,5,6,10,7,11,12,8,8,9,5,6,10,13,11,12,12,14,14,15,16,13,13,11,17,12,14,14,15,16,16,18,19,17,20,14,21,15,22,22,18,19,23,20,21,21,24,24,25,18,19,23,23,26,26,27,27,25,25
376;gbeiChdafcfDbEaGihiHafgdceBaifedCbHgdebghfICahcGABiefdBdihaefgcfaCDIGhbeeghcfbAdI;0,1,1,2,2,2,3,3,4,0,0,5,5,2,2,6,6,4,7,8,8,9,9,10,10,6,11,7,12,13,13,13,14,14,15,11,16,12,13,13,17,14,14,15,15,16,16,18,17,17,19,19,20,20,21,21,18,18,18,22,22,23,20,21,21,24,25,22,22,22,23,23,26,26,24,25,27,27,28,28,23
377;aBEGficdhcghbDEfiAFIdaChgbeBeIDgcahfgdchafbeihfaeibdcGdhfIbgEAciagcedhFbecbFHaigD;0,0,1,1,1,2,2,3,4,5,5,6,6,7,3,3,3,4,8,9,9,6,7,7,10,11,11,8,12,13,14,7,15,10,16,17,8,12,13,14,18,15,19,16,17,8,20,21,14,18,15,19,22,22,20,20,21,23,23,23,24,24,24,25,26,21,21,27,27,24,24,28,25,26,26,29,29,29,30,30,28
378;bidghfaecEghdAcifbfacbEihGDaciFdbghEhfeacgBDidBGeIhcafiEbHFadcgCdAigefBhghfcbDeIa;0,1,1,2,3,4,4,5,6,0,0,1,2,3,4,5,5,6,7,8,8,9,9,4,5,10,10,7,7,9,9,9,11,12,10,10,7,13,13,14,14,11,12,12,15,16,16,13,17,18,11,19,19,15,20,21,21,17,18,11,11,15,15,20,22,22,22,18,23,24,15,15,25,25,26,26,23,23,24,27,27
379;IhdbGeCfaebcfHadgiFagcIdhebbehIFCgaDacfdegbiHDGIabhfceCfehaBIdggibeDfahcHdagciebF;0,1,1,1,2,2,3,3,4,0,0,0,2,2,5,5,4,4,6,7,7,8,8,9,9,10,11,6,12,12,12,8,9,13,10,11,14,14,14,15,15,9,13,16,16,17,17,18,18,15,19,19,19,20,17,17,21,22,15,23,23,23,20,21,21,21,22,24,24,25,25,20,26,26,27,27,28,28,28,25,25
380;DegcaiHfbBafeHgidcichfdbegAeDbgcafhiAfihedcBGhGCBifdaefidAGebchcbaifHGedghedBCaIF;0,0,1,1,1,1,2,3,3,0,4,4,5,5,6,2,2,3,7,4,4,8,8,6,6,9,9,7,7,10,10,8,11,6,9,12,13,13,10,10,14,11,15,16,12,17,17,18,14,14,19,15,16,20,21,17,18,22,22,19,23,23,20,21,24,25,22,22,22,26,23,27,21,24,25,28,28,26,26,26,27
381;baCiedhgffidgaHBcehEgCfbIDADgbacfeiHahiDBegFCcFehigdabiBfegachdgdAbhcfeiechFDiabG;0,0,0,1,1,1,2,3,3,4,0,0,5,5,1,2,6,3,4,7,7,7,5,8,6,6,6,9,9,7,7,10,8,11,12,13,14,9,15,10,10,16,11,12,13,14,17,15,15,16,16,16,18,13,17,17,19,20,20,21,22,18,23,17,17,19,20,24,21,22,25,23,26,26,27,27,24,21,25,25,23
382;IGeCfahdBFbchedAgihaDiGbceFbfAeDgiCHcdhaifgbegeibChdfaeHfgacbiddCbfhIEAgaigdbEfhc;0,0,1,1,2,3,3,3,3,4,0,5,5,2,6,6,7,7,4,8,8,5,9,6,7,7,10,11,12,12,9,9,13,13,14,10,11,12,12,15,9,16,17,14,10,18,18,19,15,16,16,17,20,20,21,19,19,19,22,22,23,20,24,21,19,25,25,22,22,23,26,24,27,27,28,28,28,22,26,26,24
383;ghefDibCABaFcGhDeidiceabHfgifdbegahcacGihdfBeebHAcFiGdcGihfAedbhdbgiecaFfeadBCgiH;0,0,1,2,2,2,3,4,5,6,1,1,1,7,8,3,4,5,6,6,9,7,7,8,10,10,5,11,9,9,9,9,12,10,13,14,11,11,15,15,15,12,13,13,14,16,16,17,17,17,17,13,13,14,16,18,17,19,19,19,20,20,20,16,18,21,21,21,22,22,22,23,24,24,25,25,26,26,26,23,23
384;egAIhcbFdhdfagbiceIBcdEfgahbigeahcdfdFeCbgahIcAhFideBgahiBfeDgcfcbgdihEAgEDhcaFiB;0,1,1,2,2,3,3,4,4,0,5,5,6,2,7,3,8,4,9,10,5,6,11,7,12,8,4,9,10,13,13,11,12,12,8,14,9,10,10,15,15,16,17,18,14,19,19,20,21,21,16,17,18,22,23,23,20,24,24,25,18,18,22,26,27,27,24,25,25,25,18,28,26,29,29,29,30,30,25,28,28
385;aIHBCdgefgbFhIeAcdecdFaghBidHCieAbfGbagcfHidEifegdbchaheadbifgCFdbaGceihcgiehfDAb;0,1,2,3,4,4,5,5,5,0,1,2,3,6,6,7,7,7,8,9,2,10,6,6,11,12,7,8,9,10,10,10,11,11,12,13,14,15,15,16,16,17,17,18,13,14,19,20,20,16,17,17,18,13,21,19,22,22,22,23,24,24,13,21,21,25,26,26,23,27,27,27,28,28,25,23,23,23,29,29,29
386;abfechgdicedagIBhfGHidbfeaCiCbHAefGdefgiDbhcahdacfgIBeBgcfiaDEHdieGhCafbfAHbedcig;0,1,1,2,2,3,3,3,4,0,5,5,2,6,3,7,7,4,8,5,9,9,6,10,11,7,4,8,12,12,12,10,10,11,11,4,13,14,14,15,10,10,11,11,16,13,13,14,15,17,17,18,16,16,19,19,20,20,17,18,18,18,18,19,19,21,21,22,22,23,23,24,19,25,25,25,22,26,26,23,24
387;iDgaeBfChbCeFHIadgAhfgdcebihadCbegifcgbHifdeAFeiDAgbhcgbhifdcaeeiCBgahFdDfaeChIgb;0,0,0,1,1,2,2,3,3,0,0,0,4,5,6,6,3,7,8,8,8,4,5,9,9,3,7,10,10,11,4,12,12,13,14,15,16,11,11,17,12,12,13,14,15,16,18,11,17,17,19,13,20,15,21,18,18,22,17,19,13,20,23,21,24,24,22,25,25,26,23,23,21,21,27,27,25,25,26,28,28
388;iHafbgEdCdcFheigabgbeDAcifheGdBCFHiacfhigadbebaiEDHcgfHdgafeBcifEbcidAHgaicGhbfed;0,1,1,2,3,3,3,4,5,0,6,6,2,2,7,8,4,5,0,0,9,9,9,7,8,8,10,0,11,11,9,12,7,13,13,10,0,14,14,9,12,12,15,10,10,16,14,14,17,17,12,15,18,18,16,19,19,19,17,12,20,20,18,16,19,21,19,22,22,23,24,24,16,16,21,25,25,25,23,24,24
389;aEGifbcHdhcFEadbIgBidChgfaeIbahdegcfcghFbAdeidfEgichbAedbagHifCgAibcfedhfHcdeIaGB;0,1,2,3,4,4,4,4,5,0,1,2,3,3,6,6,7,5,0,8,2,9,9,6,10,7,11,12,8,8,13,9,14,10,15,11,12,16,16,13,9,14,15,15,11,12,12,17,17,18,14,15,19,19,20,20,21,21,18,18,22,23,19,24,25,21,26,26,27,22,23,28,24,25,25,29,29,27,22,22,28
390;iadbfHegcCfgdeIhabhbEgacFdIdEAFcgiBhbcfhiaDegGHiEbdacfeghcdfbiaFibAgecHdadcIhBgfE;0,1,2,2,3,3,4,4,5,0,1,1,6,6,3,7,4,5,8,1,1,9,6,6,7,4,10,8,11,11,9,12,6,13,10,10,8,11,11,14,12,13,13,13,15,8,16,16,14,12,17,17,18,15,19,19,20,21,12,17,17,18,22,23,24,20,21,25,26,26,18,22,23,24,24,21,25,25,26,27,27
391;ahfbiedgcbCgdfaEihdIehCgAFbfdAgbcheiHGbiedcAfceiaHFgBdeFhcgibdagaCfDbIhEiBdeahfcG;0,0,1,1,1,2,2,3,3,0,0,4,4,5,2,6,3,7,0,0,4,5,5,2,6,8,7,9,9,10,10,5,11,6,8,8,9,9,10,10,11,11,12,12,13,14,15,16,16,16,16,12,17,13,14,15,18,18,18,19,19,17,13,20,21,21,22,23,24,25,25,13,20,26,26,22,23,24,25,27,27
392;CAhdeBiFggibfhAdeceDfcIGbhahcibaDfgedfGEchaiBbeaGfiHcdihcadegbffbdigcEAhaGEHbfcDi;0,1,1,2,2,2,3,3,3,0,4,1,1,5,3,3,6,6,0,4,7,8,5,5,9,9,9,7,7,7,8,10,10,11,11,9,12,12,13,8,14,15,15,16,16,17,17,13,8,14,14,18,18,19,20,17,21,21,21,21,18,22,19,20,23,24,25,25,26,26,22,22,20,23,24,25,25,26,27,27,22
393;hdFegaBiCcAgIbdhefebichfgdAIfbGecDaHaghDficbEdCebahfgifecadgIhBGHAFibecdbidHceafg;0,0,1,1,2,2,3,3,3,4,4,4,1,2,2,2,3,3,5,5,4,1,6,6,6,7,7,5,5,8,8,9,10,10,11,11,12,12,12,13,9,14,14,11,15,16,16,13,13,17,14,18,15,15,19,19,20,21,17,22,18,23,15,24,25,20,21,26,22,22,23,15,24,25,20,20,26,27,27,28,28
394;aFcHDeibgeidbGChfabghfaicdeideabgFChHcbdefagIfAGichdebDbFeIaGHCgEichdbafChagfbEid;0,1,2,2,3,3,4,5,6,0,1,1,7,3,8,4,5,6,9,1,1,7,7,8,10,10,10,9,9,1,11,11,12,12,13,13,14,14,15,15,15,16,16,16,17,14,18,15,15,19,16,16,16,17,14,18,18,20,19,21,21,22,22,23,18,24,20,25,25,21,22,22,23,18,24,26,26,26,21,27,27
395;EgCHDabfiihbgefdacfadbCIeGhaIeDgbchfdfHciEAbgcbgfahiedgeiahdFCbhDfEBcgiabCaifgHDe;0,1,1,2,3,4,4,4,4,0,5,6,2,3,3,7,8,8,5,5,6,9,10,10,7,11,11,12,12,9,9,9,10,7,13,11,12,12,14,14,15,15,16,13,13,17,17,18,14,15,16,16,19,19,20,20,18,18,15,21,16,19,22,23,23,24,24,15,21,25,25,22,26,26,24,27,27,21,28,28,28
396;eIgFbdChaahbgcidefcfDeAHibgdgeciFhAbbahdgefcifCiahBegdGeAiDCbFhHDfbeAgIcibchfgadE;0,1,2,3,4,4,4,4,5,0,1,2,3,6,6,7,7,5,8,9,2,2,10,11,7,7,12,8,9,9,2,10,11,7,12,12,13,13,13,11,11,11,14,14,12,15,16,17,18,19,19,19,20,21,15,16,17,18,22,23,20,20,21,24,16,25,22,22,23,26,27,28,24,25,25,22,22,23,26,27,28
397;efGihabcdBidEgcahFchadbFeIgibfHaeDGchDecigfBagaCfdBiEhFEiachgdbAghbeDcfIdcbgfiHae;0,1,1,1,2,2,3,3,4,0,0,1,1,5,6,6,6,4,7,7,8,5,5,5,5,6,9,10,8,8,8,11,11,11,12,9,10,10,13,13,14,11,12,12,9,15,10,16,16,14,11,17,17,17,15,10,18,16,19,20,17,21,21,22,10,18,23,19,20,21,21,24,22,25,25,23,23,20,26,26,24
398;hebGfidcAicFDeahbGDgAchbFiebdHfcEagigieabdcFhfacIgheDBchdBagiefefGhicbadABieDfghC;0,0,0,0,1,1,2,2,3,4,0,4,5,1,1,6,3,3,4,4,4,5,7,1,6,8,8,9,9,10,7,7,11,11,12,12,10,10,10,13,13,14,14,12,15,16,16,17,18,18,19,12,12,15,16,20,17,21,21,19,22,22,23,24,20,20,25,25,25,26,22,23,24,24,27,27,28,28,26,29,29
399;FhabEcigdcbegdiAhfdGiafhEbcbIDEGAfchgAHcIfbdeeCfHbdgaiifbdcgheaaecihBDFGhdgfaecIb;0,1,1,1,1,2,2,2,3,0,4,4,1,5,5,5,6,3,7,7,4,8,5,5,5,6,9,7,10,8,8,11,11,11,6,9,10,10,8,12,13,13,14,14,15,16,16,16,12,13,17,14,14,15,18,19,16,20,17,17,21,14,22,18,19,19,20,23,23,21,24,22,25,25,19,20,20,21,21,24,24
400;hAeiFdbgcdBiCgehaFgcfabHDeiEdcfagIhBfiGHebcdaahbDcigfeBeDgifachigaehcFbdcfhBDAeiG;0,0,0,1,2,2,3,3,4,5,5,5,1,2,2,6,6,4,5,7,8,2,2,9,6,10,10,11,7,8,12,9,9,6,13,14,11,15,15,12,9,16,13,13,14,11,17,17,18,18,16,19,14,14,20,20,17,21,18,18,19,19,19,22,23,23,21,21,24,24,19,25,22,26,26,26,26,27,27,27,25