1;bdfGEhaCIeHgcIAdfbaciFdbgHEDGAhFiBEcHiCaBefGdFBedgChiAcAdIhGebFgFBecdiahiehbafcdg;0,1,1,1,2,3,4,4,5,0,6,7,2,2,3,5,5,5,8,6,7,9,9,3,10,11,12,8,8,13,13,14,14,10,11,12,15,15,16,17,14,18,19,11,20,15,16,16,17,14,18,19,11,20,21,16,16,22,14,23,19,24,25,21,21,22,22,14,23,23,24,25,26,26,27,27,28,28,23,29,29
2;idhabceGfbcfIGeadHEgAhfdbCigHBecfiADDAIBHgcFEcfedaihbGaegcDhfIBHbdFIaGecFiCGebDha;0,0,0,1,1,2,2,2,3,4,5,5,6,6,7,2,2,3,4,8,8,6,9,7,10,10,11,12,8,8,13,9,7,14,14,11,12,15,16,13,13,13,17,17,18,15,15,16,19,20,20,17,17,18,21,15,22,19,20,23,23,23,18,21,24,22,19,25,25,26,26,18,21,24,22,19,27,27,26,28,28
3;GbHeiCADfEdCFahgIbIAfbdgEHccFiAbdhgehgaceifbdbeDhGFiCadcEghAbFIAIGdFBcehfhbIcedaG;0,1,1,2,3,3,4,4,4,0,0,1,2,2,3,5,5,4,6,6,6,2,2,3,7,7,8,9,9,10,10,10,11,12,7,8,13,13,13,13,14,11,12,12,8,15,15,13,16,14,11,17,12,12,15,18,16,16,19,19,17,17,20,21,18,18,22,22,23,23,23,20,21,24,24,25,25,26,26,27,27
4;agBifdchECDHAEgfbIEifbcHGadiCgdbaEFhhedfICagbbfahGeIdCgbEchfDiaFaIedBHCGDhcgaiBeF;0,1,1,2,2,3,3,3,4,0,5,6,6,6,4,4,4,4,5,5,7,7,6,8,8,9,9,10,11,11,12,8,8,13,9,14,10,10,15,12,12,16,13,13,14,10,17,15,15,18,16,19,19,14,20,17,15,15,18,21,21,22,23,20,17,24,24,25,26,27,22,23,28,28,24,24,25,26,27,27,27
5;iabdcefghGHDFiAEcBEcfhGbdaicihbaDgEFabEGhfIDCfDGiECbhadgIAbhcfeHfcediaBGBEacfgHiD;0,0,1,2,3,3,4,5,5,6,7,1,2,2,8,4,9,10,6,7,11,2,8,8,9,9,10,6,6,11,12,12,13,13,14,15,16,17,17,18,18,19,14,14,15,16,16,20,20,18,19,21,14,15,22,22,23,23,24,25,21,26,26,22,22,23,24,24,25,25,26,26,27,27,27,28,28,28,29,29,29
6;ihfBdaEgCbgACFEIhdecDGiHbAfcihebDGfADEgiafcbHafbHcgdIehaIdGcFEbgdefhbaCIfbcAEIhDg;0,0,1,2,2,3,4,4,5,0,6,1,7,7,3,3,8,5,0,6,1,1,7,9,3,8,5,10,6,11,11,11,9,12,13,13,10,14,11,15,16,9,12,12,17,14,14,14,15,16,16,18,19,17,20,21,22,22,23,23,18,19,19,20,21,24,22,25,18,18,18,26,20,20,24,22,25,27,27,26,26
7;aecgfibdhFIDEhBAcgHgbadceiFIHeCbgDfacfGhAdIbEDbafIEgHCgDhbefcAIEaiDChfgbbcFiGAhed;0,0,1,1,2,3,3,3,4,0,0,5,5,2,6,6,3,4,7,5,5,8,8,6,9,10,4,7,11,12,12,13,13,9,10,10,7,11,14,12,12,15,16,16,16,17,18,14,19,15,15,16,20,16,17,18,18,19,21,22,22,20,23,24,24,25,25,21,26,26,20,23,24,24,27,27,28,28,28,29,29
8;AciGeBdhfeBFCHdgaidghifAEbcifdeahbcGBagfDCHiEheCBiGfdAGhbacFieDfIaDBecGhCdehgIaFB;0,1,1,2,2,2,3,4,4,0,1,1,2,2,2,3,5,5,6,6,7,8,8,9,3,3,3,6,10,7,7,8,9,11,11,12,13,10,13,14,14,9,15,12,12,13,13,13,14,16,16,15,17,17,18,18,18,18,16,16,19,20,20,21,21,22,23,24,24,19,20,25,26,26,22,23,24,24,27,27,25
9;gabecdiFhCdfhiAebgheigFBDcaEHCAbGfIdFGDCEiAhBbiadhFgeCdchfGeBaiAbEIdHcGFiFgbachde;0,1,1,1,2,2,3,4,4,0,5,6,6,2,7,3,3,8,9,5,5,7,7,7,3,10,8,9,11,11,12,13,13,10,10,8,14,14,11,12,15,16,16,10,8,17,14,11,12,15,15,18,18,19,17,17,20,20,21,21,22,19,19,17,23,23,20,20,22,22,19,24,25,25,26,26,26,26,27,27,24
10;iEfBcghadbahdeFGICDcGHaibEfcgaiFBDHEfIecdhAbGHbDEGacfiefbgHDiCagHcaiefDbadIfbcEgH;0,0,0,0,0,1,1,1,2,3,3,4,5,6,7,8,1,2,9,10,4,5,6,7,8,1,11,9,10,12,12,13,7,14,11,11,15,16,16,17,13,7,14,14,18,15,19,17,17,20,20,14,14,18,21,19,17,22,23,23,23,18,18,21,24,24,22,25,25,26,26,27,21,28,28,28,29,29,27,27,27
11;AhcegfBidiDEHbcAfGbGFDIAhecgfhCDIebadBAGFeiChEciahbdGfhiBFcdgaecAgbEhfdIfediaGChB;0,0,1,2,3,3,4,4,5,0,0,1,2,2,6,4,7,5,8,8,9,10,11,6,7,7,7,12,13,9,10,11,14,14,15,15,12,13,9,10,11,16,16,15,15,12,12,17,10,11,11,18,15,19,12,20,17,21,22,22,18,23,19,24,20,21,21,25,26,18,23,19,24,27,27,27,25,26,28,28,28
12;gdCBFaHiEIEfgChdbahabidefcGebGDAicHffIHcEgaDBaCdfhBGeichAeiFbGdbfiHgdEacdGEabCifH;0,0,1,2,3,3,4,4,5,6,6,1,2,7,8,4,4,5,9,6,1,10,7,8,8,11,11,9,6,12,10,7,13,8,14,14,15,16,12,17,17,13,18,19,20,15,16,12,12,17,13,18,19,20,21,16,22,22,23,24,24,25,25,21,26,22,22,23,24,24,24,25,21,26,26,27,27,28,28,29,29
13;eABhcgdfifgcidaEhBdihbFEgaCbCiaedfgHhDEFgbCIaaFgcIhBeDGHAdBFiceCeDghiabfiBFEAChdg;0,0,1,2,2,3,3,4,5,6,6,1,1,7,7,3,4,5,6,6,8,9,9,10,10,11,5,12,12,8,8,8,13,10,11,14,15,15,15,16,16,13,10,17,14,15,18,18,19,16,16,17,17,20,15,21,18,19,22,22,23,23,20,24,21,25,25,22,26,23,23,27,24,21,25,25,26,26,28,28,27
14;DFAIhgCEbIEhFBCdaggcBEdaiFhciGHEdabfbAfcGIHDeeHdbAFgciadigfebhcfbcaihEgdhGEDcbfIa;0,0,1,1,1,2,3,4,5,0,6,6,7,1,2,3,4,5,0,6,6,7,7,2,2,8,5,0,6,9,9,10,10,10,8,5,11,11,12,9,10,13,14,14,14,15,12,12,16,17,13,13,18,19,15,20,20,16,17,17,21,18,19,15,15,15,22,22,23,21,21,24,25,25,25,26,26,23,27,27,24
15;FDGibhACebEhgcafidIacedfgbhagEHIDbFCDCbfAgHeihifBeCDAgGhicFbedaeFdAhIcgbCbadGEiHf;0,0,1,2,3,3,3,4,4,0,5,1,2,6,6,6,7,8,0,5,9,9,10,11,7,7,8,12,13,13,13,10,11,14,14,8,12,15,15,16,16,17,14,18,19,12,20,15,21,16,17,22,18,19,23,20,24,21,25,22,22,26,26,23,24,24,27,25,22,28,26,29,30,30,30,27,27,27,28,26,29
16;IEbfDcaHgchFaiGDebgDAebhifcdGeICAhbfFahbGeCiDBcIHfdgaeafcGeIbDhHBgDafEcieiDcHbfgA;0,0,1,2,3,3,4,4,4,5,0,1,2,2,6,6,7,4,5,0,8,9,9,6,6,7,10,5,11,8,12,13,13,14,15,10,5,11,11,12,16,13,14,15,10,17,11,18,16,16,13,19,15,15,17,20,18,21,16,22,19,23,24,20,20,18,21,16,22,25,23,24,26,26,18,21,27,27,25,23,23
17;acbiEFhgdGdfAhcIBeehidGbCfaibCgaeFDHDFGBiHaeChaefcDgiBBEaHfiDcgciheDgBAfFgDCbaehi;0,1,1,1,2,3,4,4,5,0,6,1,1,2,3,3,7,5,6,6,8,1,9,9,7,7,7,10,8,8,11,12,12,13,7,14,10,15,8,11,16,16,13,14,14,17,15,18,11,16,16,13,19,19,17,20,18,21,21,22,22,22,19,23,20,18,24,21,22,22,22,25,23,26,26,24,27,27,28,28,25
18;gEiafcDHbAbdihegFcCfHbdgiAeHaeCbifDGbcFDGhEiadIgeaFCBhFHAgcdbeiEgbFIaHcdIdchEbaGf;0,1,2,2,2,3,3,4,4,0,1,5,5,6,3,3,3,7,8,8,9,6,6,10,10,10,7,11,9,9,12,12,13,14,14,15,11,9,9,12,12,13,14,14,15,16,17,17,18,13,13,19,19,20,16,16,18,18,21,21,22,19,20,23,16,16,24,25,25,22,22,20,23,23,23,24,25,26,26,26,26
19;aeDBHcFGihCGidfabeibfAeGChdefCgbdiAhBdAHCIGEFgHifaEdcbCAEDfhbigFghCiBEdadibegahfc;0,1,1,2,2,3,4,4,4,0,0,5,5,2,3,3,3,6,7,0,8,9,9,3,10,11,6,7,12,8,8,8,13,10,11,14,15,12,16,17,17,13,18,19,14,15,20,16,17,21,18,18,19,22,15,20,16,16,21,23,23,24,22,15,20,25,25,25,26,26,24,22,20,20,20,27,27,26,26,22,22
20;fiHCeBdAgCgbhdAEFIEDAiGfhbCiegdACfHBbFdeiHCgahacFbGieddbiAFegchghebcIadFaCfgHdbIe;0,0,0,0,1,2,2,3,3,4,0,5,6,1,1,2,7,3,4,8,5,6,1,1,9,7,10,4,8,11,11,12,13,9,10,10,14,8,15,11,12,13,16,16,10,14,17,15,15,18,13,13,19,19,14,17,18,18,18,13,19,19,20,14,17,17,21,21,22,23,24,20,25,25,25,26,26,22,23,24,20
21;eAdgbfiHCIFgcahDebHcbDEiFagcgeFDbAihbIFEHacgddhaIcgEbffdiHGEBcaAEHbfcgDIgbCaidhFe;0,0,1,2,2,3,3,4,4,0,0,1,1,5,6,4,4,7,8,8,9,9,5,6,4,7,7,10,8,9,11,5,12,12,13,13,10,14,9,11,11,11,15,13,13,14,14,16,17,11,11,15,15,18,19,20,16,17,17,21,21,18,18,19,20,16,16,17,22,21,23,23,19,24,24,25,25,22,26,26,23
22;adfGbceIHeCBIdHafghgiFaEcbdiFGhcDBAeBhceiadgFDEabgfIhCCIDahgfEBfAHCebgdigbedFiHca;0,0,1,1,2,3,4,4,5,6,7,7,8,2,3,9,5,5,6,10,7,8,2,11,9,9,5,12,10,8,8,2,11,13,13,14,12,15,16,16,11,11,13,14,14,17,15,15,18,19,19,20,20,21,17,17,15,18,22,23,20,20,21,17,24,24,18,22,23,25,21,21,24,24,26,26,27,27,25,28,28
23;ehAcbiDfgbdgfHEiaccfIgdABeHdGeifChbaibcaEHGDFHAfbgdcIeGIDHAFecBaehdcBfgiFCbeiGahD;0,0,0,1,2,2,3,4,4,1,1,1,1,5,6,3,7,8,9,9,9,10,5,6,7,7,8,11,11,11,10,6,6,12,13,13,14,15,15,15,16,17,12,12,12,14,18,18,16,16,17,19,19,20,21,21,22,23,24,24,24,25,20,21,21,22,23,23,23,26,25,25,27,27,27,27,28,28,26,29,29
24;aBhDIGeFcfcgEahidbideBFCHGAdhafgEBcibefHCidagCgIAbdFhEGfCidBaehhIDgeacbfEAbchfGiD;0,1,1,1,2,2,2,3,3,0,4,4,4,2,2,5,3,3,4,4,6,5,5,5,5,5,7,8,9,6,10,10,10,10,11,7,8,9,12,13,14,14,11,11,7,8,8,12,13,13,15,15,16,16,17,18,18,13,13,19,20,21,21,17,17,18,22,22,19,20,23,23,24,24,24,24,25,25,26,26,23
25;gAidHecBfeHfciBGDAbDCaGFheicbefahigDfgaICdBhEDIhbegafcHcbedifAGafDGbcEIhieGHFadCb;0,0,0,0,1,1,2,3,3,4,4,4,0,2,2,2,3,3,5,6,6,7,7,8,8,9,9,5,6,6,10,10,11,11,11,12,13,6,14,14,10,10,15,15,12,13,16,14,17,17,10,18,12,12,13,16,19,20,17,18,18,12,12,21,16,19,20,22,22,22,23,23,21,21,19,24,24,24,22,25,25
26;fdiaCghEbChGiEbDafbeAFdHIGcagcEhifBdEFhGBdcIaIbDcfaehGdIBHacgfehaEdGFbcIGCfbieadh;0,0,1,2,2,3,4,4,4,0,0,1,3,3,3,5,6,7,8,8,9,3,10,11,5,6,7,8,8,9,10,10,11,5,12,12,13,13,13,14,11,11,5,12,15,16,17,17,14,11,18,18,15,15,16,19,20,20,20,21,21,22,22,23,19,19,19,20,24,24,25,26,23,27,27,27,28,28,28,25,26
27;aehDcGiBfCBIafhgeDdfgIEbaCHBHDeIacfgGcefhdbaiiafGbcDhEHDBcgEfiafgchAieDBEiaBdFHgc;0,0,1,1,2,2,3,4,4,5,1,1,1,6,2,3,4,7,5,8,8,6,6,6,3,7,7,9,9,9,10,10,11,11,12,7,9,9,13,14,14,11,12,12,12,9,13,13,15,14,16,16,17,17,18,13,19,15,20,21,21,22,23,18,13,19,20,20,24,24,22,23,25,25,19,26,26,24,24,27,27
28;fgbiEdachheacBfDGICIDaHgeBFEbfhaCiDggAIedbhfcdCHGfIbeaIFebchGadbDGfiaCHEAhcdgefiB;0,0,1,1,2,2,3,3,4,5,0,6,6,7,8,8,4,4,5,9,9,7,7,10,11,4,4,5,5,9,9,10,10,11,11,12,13,13,14,14,15,15,11,16,12,13,13,17,17,15,15,18,16,12,19,13,17,20,20,18,18,21,22,19,19,19,23,20,18,24,21,22,25,25,25,23,26,26,24,21,22
29;BIDCHeAfGfeaigdhbccHGfbaidehbeAdiGCfigcbefDaHDaFgcheiBECiDFGbHaafhEIBcGdgDbhacFEi;0,1,2,2,3,4,4,5,5,0,1,6,2,3,4,4,7,7,0,6,6,8,9,10,10,7,7,0,6,6,8,9,11,11,12,7,13,13,13,14,14,15,12,12,16,13,13,17,14,14,15,18,18,16,13,17,17,19,14,20,18,21,16,22,19,19,19,23,20,20,21,24,22,22,25,25,23,21,21,21,24
30;cdBgheAIfaGHFbidCeeIFdacghbFAGbDHiecibCEGFhadheDcIABfgbheifdcgadfiAcgeBHGCAhEbfDi;0,0,1,1,1,2,2,3,3,4,0,5,5,5,6,6,7,8,4,0,9,5,10,6,11,7,8,4,12,9,9,10,6,11,11,8,13,12,12,14,14,14,14,14,8,13,15,15,16,16,17,17,17,18,13,19,19,19,16,20,21,21,18,22,23,23,23,24,20,25,25,26,22,22,22,22,24,27,27,26,26
31;HGfAiBdcedbicegHafeAcFDhIGBidbhCegFAaEGibfcDhFChgadeBiBIedGafhCchdbFiaEgGfAEhcbiD;0,1,1,2,2,2,3,4,4,0,0,1,5,5,6,3,7,4,8,8,9,9,5,6,3,7,7,10,10,9,11,11,6,12,12,13,14,14,9,15,16,16,17,17,13,18,18,19,15,15,15,15,20,21,18,18,19,22,23,23,23,20,21,24,18,25,22,26,23,27,20,21,24,25,25,26,26,26,27,28,28
32;FaihBCegdcbGaEDfhIhdEigfbAcGeAdciHbfDFBEhAcigIHcgfBAdeeifbagdCHACDFihgEbBghcdeIfa;0,1,1,2,2,3,3,4,5,0,0,0,2,2,6,6,4,5,7,8,8,9,2,10,10,11,12,7,13,9,9,14,14,15,11,12,16,13,17,18,18,18,15,19,12,16,17,17,20,21,15,15,19,22,16,17,23,20,21,24,24,19,22,25,25,23,20,26,24,27,27,27,25,25,20,20,26,26,28,28,28
33;agDEHifcBIBEcdfhGacHFgAbDiedCBhFGeAIHiadBEgfcefgaicbhdBDifchAegfecbGaIDHGAhiedcbf;0,1,2,2,3,3,4,5,5,0,1,6,2,7,7,4,4,4,8,9,6,2,2,10,11,11,4,8,9,6,6,10,10,11,12,13,14,9,9,15,15,15,11,12,13,14,14,14,15,15,15,16,16,17,14,18,18,18,19,19,20,20,17,21,18,22,22,23,19,20,24,25,21,26,26,22,23,19,24,24,25
34;aBhFdegicifgBhcEaddeCAGibfhHCiGbfaDeeGDHiACBfbAfcEdHgigDBefHicaFhaIcbdeGciedAgFHB;0,0,0,0,0,1,2,2,3,4,4,4,5,5,1,2,2,3,6,4,4,1,1,1,7,8,8,6,9,9,9,9,7,7,10,10,11,12,9,13,13,14,14,14,15,11,12,12,13,13,16,17,14,15,18,18,18,19,19,16,17,17,20,21,22,22,19,23,24,24,25,20,21,22,22,19,23,23,24,25,20
35;aegihcFDBFDheBgCiaCIbfDAehGhcagIFBeDgfeDaBIChdbicehgAfIaDbGehfcBhcAfidgeEGfHcDabi;0,0,1,1,2,2,2,3,4,5,0,6,6,6,7,8,3,4,5,5,5,6,6,7,8,8,8,9,9,9,9,6,10,10,10,10,11,11,11,12,13,13,14,15,15,16,12,12,12,17,13,14,18,19,16,20,21,22,17,23,23,18,19,20,20,21,22,22,24,24,25,26,20,20,27,27,27,28,28,25,26
36;FGdiCHabeihaefbdGCbcEaDGIfhaigbedChFDEhcIFBaGCBfhgaeidhDBgaEfcIgFidbcheAEaCFHigdb;0,1,1,1,2,2,2,3,3,0,0,0,1,4,4,5,5,5,6,6,0,7,4,4,5,8,9,10,11,12,7,7,7,7,8,9,10,11,12,13,14,14,15,8,9,16,11,12,13,14,17,15,18,18,16,16,12,19,20,17,21,22,22,23,23,24,19,20,25,21,22,22,26,26,24,19,19,25,25,25,25
37;cAehBdGifdghfIECAbbfICagHEDfBgaDIehcIhDEgCFbaAeCbfHidghcfdeabgieiaGcBDfhgDbihfACE;0,1,1,1,2,2,3,3,4,0,5,5,6,6,7,8,9,4,10,5,5,5,6,7,8,9,4,10,11,11,11,6,7,8,9,12,13,13,14,14,15,15,16,12,12,13,13,14,14,14,17,16,12,18,19,19,20,20,21,17,16,16,18,19,22,23,21,21,24,25,25,18,19,22,23,21,21,24,25,25,25
38;HAgFcdbeiiCBeGahdfdfehibAGCbeacDfIHgcdhIEGfBAfgibahdcEGBdAFEcihahcgbIeFdeifDHcGAB;0,0,1,2,2,3,3,4,5,0,1,1,2,6,3,3,4,5,0,7,8,8,6,6,6,9,5,7,7,7,10,11,11,9,9,12,13,13,13,10,14,14,9,15,12,16,16,17,17,18,14,15,15,12,19,20,20,17,18,18,21,22,22,19,23,24,24,25,21,21,21,26,19,23,27,27,25,28,28,21,26
39;DicaGEfhbbHFCDiAgegAEBHfiCdicdefhBAgaghIbDCEffEbgachdiHdafigEbCebIdCAGfHcfgheBdIa;0,0,1,1,2,2,2,3,4,0,5,5,6,2,7,7,3,4,8,5,9,6,10,11,11,11,12,8,5,9,6,10,13,13,11,12,14,15,16,17,17,18,19,19,19,14,15,16,16,16,18,20,19,19,21,21,21,22,22,23,20,24,24,25,25,21,22,26,23,20,20,27,25,26,26,26,26,23,28,28,27
40;fgidCHeAbCbdegAHIfaHEBIfcDGEIgFabDhchcBgEDifaDfachibGEIdcabgfEhBaHIfEgCdgefhdcabi;0,0,1,1,2,3,3,4,4,5,6,6,7,2,2,8,4,4,5,5,9,7,7,10,8,8,11,12,9,9,13,14,10,10,11,11,12,12,9,13,14,15,16,16,11,17,17,17,18,15,15,19,20,11,21,21,17,18,15,22,19,20,20,21,23,23,24,24,22,19,19,25,26,26,27,27,28,28,29,29,25
41;GabehcfdIhEdGIfBacICfdbaGheDbgFCiaehcfhAEgiBdEiahdbcFgFhciaEdgbbgEcFDHIAAdibgHECF;0,0,0,0,1,1,1,2,2,3,3,4,5,6,6,6,2,7,8,8,4,5,9,9,6,2,7,10,8,8,11,11,11,12,13,14,10,15,15,11,11,16,12,13,14,17,17,18,18,16,16,19,13,20,21,21,21,18,22,16,19,23,20,24,25,26,26,22,22,19,23,27,24,25,26,26,27,27,27,27,27
42;HIaegFdbccfebIdHgagbDhcaiEFEDiFHCbagAcfgbIEdHbghADEfCidhGIabcfefacdEHgiBIEbcFgahD;0,1,2,2,3,3,4,5,5,0,1,1,2,2,6,4,7,8,9,9,1,10,2,6,11,7,8,12,12,13,10,14,6,11,15,15,16,12,13,14,14,6,17,17,18,16,19,20,14,14,21,22,18,18,19,19,20,20,21,21,22,23,24,19,25,26,26,27,28,28,23,24,19,25,29,29,27,27,28,30,30
43;gcIbeDfAhfEdhaCbgIhAbfigceddbCgFIAhEAgheDbIfCiFechaGDBeifabHdcGCDaIgeHbfBhgDcFeIa;0,0,1,1,2,2,2,3,3,4,0,5,6,6,2,7,7,8,4,5,5,5,6,2,7,7,8,9,10,11,11,6,2,12,12,13,9,10,9,14,14,12,12,13,13,9,9,9,15,15,16,16,16,16,17,18,18,19,15,20,20,20,21,17,22,22,19,23,20,21,21,21,24,24,25,25,23,26,26,27,27
44;ahbiGfeDcFcDAhEIGbEgiCBDHafhDFeigcBAcAehfbGidibGdcafeHBEHfAIDCGgicbdHafedfagecbhi;0,1,2,2,3,3,3,4,4,0,1,5,6,6,7,3,4,4,8,1,5,5,6,7,9,9,9,8,10,11,11,12,7,13,13,13,10,10,14,11,12,15,15,15,16,17,14,14,18,12,12,19,16,16,17,20,18,18,21,22,19,23,23,17,20,24,24,21,22,19,23,25,26,26,27,27,21,22,25,25,25
45;HDciegfbaBFGhAdiceiaebCFdhgacdGfHEiBEhicbagFDgBFdIECahCiaegbhdfdGbfhCAEiFEhadIBgC;0,0,0,1,1,2,3,3,4,0,0,5,5,5,2,3,6,4,7,8,9,9,2,2,3,6,10,7,8,11,9,12,12,12,10,10,7,11,11,9,13,14,12,15,10,16,17,17,9,13,14,15,15,18,16,19,17,20,13,21,22,15,18,16,19,19,20,23,21,22,24,24,25,25,25,20,23,21,26,26,26
46;HgaEiFbcdicdaBGehFefBhcdaGIbDGiaecfhahicFbdEGfEcDghiaBgiEBhAfDcdbHFecGiAcaFgDIHbE;0,0,1,1,2,2,3,3,4,0,5,5,6,6,2,2,3,4,7,8,8,8,9,9,2,10,4,7,11,12,8,13,14,14,10,15,11,11,12,16,13,17,14,18,15,11,19,19,16,20,17,17,18,21,22,23,20,20,20,17,24,24,21,22,23,25,25,25,26,27,27,28,22,22,22,26,26,26,27,28,28
47;HgcAfeiBDidegBhaFCBfAcdihEgCHbIaDfgEaIFecgbdhdegbhFcAIgcifEBdHaebHdiAgCffadHGCeiB;0,0,0,0,1,1,1,2,3,4,0,5,6,1,1,2,2,3,4,0,5,6,7,7,8,9,3,10,10,11,6,6,8,8,9,12,10,10,11,13,14,8,15,12,12,16,16,16,13,14,17,15,18,19,20,20,20,13,14,17,17,18,19,20,21,21,13,22,22,18,18,23,20,24,24,25,25,25,25,25,23
48;AghFEdicbciDhbaGfeEFbcgIDaHIefbAHcgdhDAGcfEBibcgdiEfhADaCEHgbiffbIadCHEggHeiFbadc;0,0,1,2,3,4,4,5,5,1,1,1,2,3,3,4,4,5,6,6,6,7,7,3,8,8,8,6,9,9,7,10,3,3,11,12,13,13,14,10,10,15,11,11,12,16,13,14,10,10,15,17,11,12,16,13,18,18,19,19,17,17,20,21,13,18,18,18,22,23,17,20,21,21,24,24,22,22,23,25,25
49;daCbheIfggfhAdicBeEibFcghdaIEfgadbHccdaeBHfgIBhGcifAeDACEHgBDIfHgidFceABfBDieAgch;0,1,1,2,3,3,4,5,5,0,0,6,2,2,3,4,4,7,8,9,6,6,10,10,11,7,7,8,9,9,6,11,11,11,7,7,8,9,12,12,13,13,13,14,14,15,9,9,16,17,17,13,18,18,15,19,20,16,16,17,21,18,18,15,19,20,20,22,22,21,23,24,15,19,19,25,25,22,21,23,24
50;AhifcBdGEeGfaHdcBIDbCiegFahhcdbgiaefiagEfcbhdbFedAHgIcgdaCIehFBCIhGBfEDAFEBhdaicg;0,1,2,2,2,3,3,4,4,0,1,5,5,6,7,3,4,4,8,8,9,9,6,7,10,4,11,8,12,12,12,10,10,10,11,11,13,13,13,12,14,14,15,15,15,13,16,17,18,18,14,14,19,19,20,16,17,21,21,22,22,22,22,20,17,17,17,21,21,23,24,24,25,25,25,25,26,26,23,24,24
51;GibhefcdaafHgdCIEbedCbaihgfIEAcFbDhgdCfAhgebihbGdiEFaCFhiEgABcDbGefcdaIHCadiBhGFE;0,1,1,2,2,3,3,4,5,0,0,1,6,2,7,3,4,5,0,0,1,6,6,7,3,8,8,9,10,10,10,6,11,8,8,12,9,9,9,13,14,11,11,15,12,16,16,17,13,14,14,18,15,12,19,19,17,13,14,20,18,18,18,21,19,22,22,23,20,24,24,24,21,19,19,23,23,25,25,25,25
52;fheiAdbGccIGhfbedaabdCgEifhhdCeBIFagbGIadfCHEEAFgHCdibgebFIAhCdDfabcHgeIichdeGaBF;0,1,1,2,2,3,3,4,4,0,5,6,2,7,8,3,9,9,10,5,6,11,7,8,3,12,9,10,10,6,11,7,13,14,12,12,15,10,16,16,16,13,14,17,17,15,15,18,18,18,18,14,19,17,20,20,21,21,22,22,22,19,23,24,24,21,25,25,25,25,19,23,24,24,21,26,26,26,27,27,27
53;EbiHfacDgHgdcEiafbaCFgBdeihCIEBagdHFfhBedcgaiGDAihFbeciaHDgbfcEBfcAIeHGddeGfChiBa;0,0,0,1,1,1,1,2,2,3,4,4,5,6,6,6,7,7,3,4,5,5,5,5,8,7,7,3,4,9,9,9,8,8,10,10,11,12,12,13,13,14,10,10,15,11,16,17,17,18,14,19,15,15,11,16,16,20,18,18,19,21,22,23,23,20,20,24,25,25,21,22,26,26,26,24,24,24,27,27,27
54;cIEdAgfbhgBACfhedihFdiebACGbgifcAdHEDhfEBIgaCaecghDBIFfcBhDeigaiDHAgFCebEagbichfd;0,1,1,1,1,1,2,3,4,0,5,5,6,6,7,2,3,4,8,9,5,5,10,7,7,7,11,8,9,9,5,10,12,11,11,11,13,13,14,15,12,12,16,16,17,13,13,14,15,12,18,16,19,17,20,21,21,21,22,18,23,19,17,20,24,24,21,22,18,23,25,25,20,20,24,24,22,26,26,25,25
55;gdBeHafcICIEdbFAhGafhgCiEbdfcDiaEHGbHeabGDcIFibGCfhdAeBgfhecidADaCFigbehEHiadbgfc;0,1,1,2,2,2,3,4,4,0,5,6,6,7,7,3,8,9,10,5,6,6,11,12,12,8,9,10,13,14,14,11,15,15,8,16,17,13,13,18,11,15,15,15,16,17,19,13,18,11,11,20,21,16,22,19,19,18,11,23,20,21,24,22,19,19,25,23,23,20,20,24,22,22,22,25,26,26,27,27,24
56;aieBGDhfcgcFehABidDBHfciegabfcgAEdhiiEGHdBCAfHdaciFGBEehiDfgAcbfGdaBCieHcAbiEhfdg;0,1,2,3,3,4,4,5,6,0,1,2,3,3,4,7,5,6,0,8,8,7,7,7,7,9,10,11,8,8,7,12,12,13,9,10,11,14,15,16,12,17,13,9,18,19,14,15,16,20,17,21,18,18,19,22,22,20,20,17,21,23,23,19,24,22,20,25,26,21,23,27,19,24,24,25,25,26,28,28,27
57;AhIbcFdgEBdcIGEfAHfgeaHDICbHFdGeicbaEaGCdbHfIicbhfAgeDCehDagbifdbfeicaHgGIafbhedC;0,1,1,1,1,1,2,2,3,0,0,4,4,5,6,2,2,3,7,8,4,9,5,6,2,10,3,7,8,8,9,5,6,11,10,10,7,7,12,12,13,13,11,11,14,7,15,12,16,13,17,17,18,14,19,15,12,16,13,20,20,18,14,19,21,21,22,22,23,24,18,14,25,25,25,22,23,23,24,24,24
58;DcegahfbibaHfEIgCdgifbCdheAAEihDFbGcChBigaDfEFDgebcIAhiBcAhGeDfhGAdfecibEFdcIbahG;0,1,2,2,3,4,4,4,5,0,1,6,6,3,7,4,8,5,9,10,10,11,12,7,8,8,13,9,9,11,11,12,7,14,13,13,9,9,15,15,12,12,14,13,16,17,15,15,15,18,19,14,20,16,17,21,21,15,18,19,22,20,20,23,23,24,24,25,26,22,27,27,28,28,28,24,25,26,26,29,29
59;FDeiaChGBAgcbhdieFbiHeGfAdcIhDFegCbacafdBHEiGgeBciaDfHHcigDbfaeefGaCibHDdBAHfegci;0,0,0,1,1,1,2,3,3,4,0,5,6,1,1,2,3,7,4,8,5,6,9,10,11,11,7,12,8,8,13,9,10,14,11,15,12,16,16,13,10,10,14,15,15,17,17,16,16,18,14,14,15,19,17,17,20,21,18,21,22,23,19,24,17,20,21,21,21,22,23,25,24,17,20,26,26,26,22,22,25
60;aGfHcebdicbIdgfahehedibAgCFiCbahdFeGDfAcegiBHgHEfiBDACEdCbfiHGAfahgDCeIBbiGeahcfD;0,0,1,2,3,3,3,4,4,5,5,1,2,6,6,3,4,4,7,7,1,8,9,10,10,10,11,7,12,1,8,9,13,13,10,11,14,12,15,15,9,16,11,11,11,14,14,15,17,9,16,18,18,19,14,20,20,17,21,18,18,18,19,22,23,23,17,21,21,21,19,19,22,23,24,24,21,25,25,19,19
61;hegcbFdiAacDHgibeFfbIaedHCGIfbEagcdHgheIDcAFBcdAfhBIGeEacgihfBddIHBfegacBgFDCaehi;0,0,1,2,2,3,3,4,4,5,5,1,1,2,6,6,7,7,8,5,9,9,10,6,11,12,13,8,14,14,9,10,10,11,12,13,15,15,16,16,17,17,12,12,13,18,15,16,16,19,17,20,20,13,18,18,21,22,19,23,20,24,24,25,26,21,22,23,23,23,23,23,25,26,21,21,27,27,27,28,28
62;FaCbIEhgddigahFBCEbEHDCgiFAecBGFADIhiFdcehabggHaidbfECAbehgicDfcgifAdehBhDFebcgai;0,0,1,2,2,2,2,3,4,0,1,1,5,6,6,7,3,4,8,1,9,5,5,5,7,10,11,8,9,9,12,13,10,10,10,11,14,14,14,12,13,15,15,10,11,16,16,16,12,17,15,18,19,19,20,20,16,21,17,22,18,19,19,23,24,16,21,25,22,26,26,19,23,24,24,25,25,27,27,27,27
63;fDeBghcaibcidaEfhGhGAFICbdeeBGAhfDiCDaFiCgHebCiHedBagFahbGfiEcdgEChBdifaiFDceagBh;0,1,1,2,2,3,3,4,4,0,0,0,0,5,6,7,7,7,8,8,9,10,5,6,6,11,11,9,9,9,10,5,12,13,13,13,9,14,14,10,15,12,16,17,17,18,19,19,19,15,16,16,16,20,18,18,21,21,22,22,23,24,20,18,25,26,26,27,28,23,24,20,25,25,25,27,27,28,23,29,29
64;dheGBfIcAbaFcihgDEIGcDEabfHAfIbdGhecEdbiHCFAGgcHAFedibfegHadcbihbDeciagfciAFgBeHd;0,1,1,1,2,2,2,3,3,0,4,4,1,5,2,6,3,3,7,4,4,1,5,6,6,3,3,7,7,8,8,9,9,10,10,10,11,11,12,12,9,9,13,14,14,15,12,12,12,9,16,13,17,14,15,18,19,19,19,16,17,17,20,21,18,22,22,22,16,16,20,20,21,21,23,23,23,24,24,25,25
65;HaEIfCbdgCIdegbahFbgfHADEcidFiaehgBCgHbFCidaEEcadBgfihadgciFHEBIBhGdEcfaFecbhaiGd;0,0,1,1,1,2,2,2,3,4,0,1,5,1,6,6,7,3,4,0,8,5,5,6,9,7,3,10,10,8,11,11,12,9,13,13,14,14,14,14,12,12,13,13,13,15,14,14,16,17,17,13,18,18,15,19,20,16,21,21,21,22,18,23,19,20,16,24,24,25,22,18,23,23,26,26,24,24,25,27,27
66;gIhfeAdBCDbfCGiahECeahdBigFacgifEHDbihbdAcFegeFdGbhcAibdeAiFgcHHGIbcDefafacEHGbId;0,1,1,2,2,2,2,2,3,0,1,4,4,5,6,6,3,3,0,7,7,5,5,8,8,8,9,10,10,7,11,11,12,8,8,9,13,13,14,14,15,12,16,16,17,18,13,19,15,15,20,17,17,17,18,13,19,21,15,20,22,22,22,23,13,21,21,15,24,24,24,24,23,13,25,25,26,26,26,27,27
67;giBhDAecfdAeCgFihBHcfbieDagiEAdBHfgcbhcFEgAIdfDGiAcbEheGhafDcbIAbdgciHfEcFIEhbgda;0,0,0,1,2,2,3,4,4,5,5,6,1,2,7,3,3,4,8,5,6,9,9,7,10,11,11,8,12,13,13,13,13,10,10,10,14,12,12,12,15,16,17,17,17,14,18,18,18,15,16,17,17,19,20,21,21,22,15,16,23,23,19,20,21,21,22,15,24,24,25,26,27,27,21,28,28,24,24,25,26
68;hbfIAegcdgiEcdhBFadaCGFBHEiecDAhgfiBBfgDiCEahIhabefcdgfdBegaihCceiHBdAGFagHFciDbE;0,0,0,0,1,2,2,3,4,5,6,6,7,1,1,8,3,4,5,9,10,7,11,11,8,8,12,5,9,10,13,11,14,8,8,12,15,10,10,13,13,14,16,16,12,15,17,17,18,19,19,19,20,20,15,21,21,18,18,22,23,20,24,15,21,21,25,25,22,23,23,24,26,26,26,25,25,27,27,24,24
69;DCaiheBgFbEfcgDAHiHgiFBadcecAGEiHFBDFhdaCBieGeibgdfCaHibhDecGfaAdebfghicgFChAiedb;0,1,2,2,2,3,3,4,5,0,1,1,6,2,7,4,4,5,8,1,1,6,9,7,10,11,5,8,12,13,6,9,9,10,11,5,14,12,13,13,13,15,15,16,5,14,12,17,18,18,19,15,16,16,20,12,17,17,19,19,19,21,21,20,22,22,23,23,23,24,21,21,25,25,26,26,26,23,24,27,27
70;hiGCbAedfDBCEFHiagAefGiDhCbcfiHdEbgAgdbiAfCeHEhabcGdfIIcefgbahdbGDahCFieFahdeiGBc;0,0,1,2,2,3,4,4,4,5,0,1,2,6,3,3,7,7,5,8,1,6,6,9,9,9,9,5,8,10,10,11,12,12,9,13,5,14,10,15,11,13,13,13,13,14,14,16,15,11,17,18,18,19,20,16,16,15,15,17,21,18,19,20,22,23,24,25,21,21,18,26,22,22,23,24,25,27,27,27,26
71;febcaGdIhHdAfEIGBcicgbhdfeAaGeDFcIhBchIGbeADFBFDhiaCgedbCAGhEfieafidbHcgGihecfbAd;0,0,1,2,2,3,3,4,4,0,0,1,5,2,6,7,4,8,9,9,9,5,2,6,7,7,8,10,11,11,2,2,6,12,8,8,10,13,11,14,12,12,12,15,16,10,13,17,14,18,18,18,15,16,10,17,17,17,19,18,20,20,21,22,23,23,24,19,25,26,26,21,22,27,27,24,19,25,26,26,21
72;abhCdfeiGedCIGahfbfiGeHBadcIhaFbeGCdDcfgAIBhEbGEhcdfaIgaiDEhcBfcfbaiGdEHHedbfcIGA;0,0,1,1,2,3,3,3,4,0,5,5,5,2,3,3,6,4,7,8,5,5,2,9,10,6,6,7,8,8,8,11,9,10,12,12,7,13,13,13,11,14,10,15,15,16,17,18,13,19,14,20,20,20,16,17,18,19,19,19,21,22,22,23,24,24,24,25,25,21,21,22,23,23,26,26,26,26,21,21,21
73;afibcdGHeGDceahbIFHBEgfIcdAdCaIgfhebbEfdhcAgIIHGaeBfcdeihcBADfgcADFIgeBhfgbHdEiac;0,0,0,1,2,3,3,4,4,5,5,5,1,2,3,3,3,3,6,5,7,8,9,9,9,9,9,6,10,7,8,11,11,12,9,13,10,10,14,15,15,15,12,12,13,16,10,14,17,18,15,15,12,19,16,20,20,17,18,21,21,22,19,23,23,20,20,21,21,21,22,24,23,23,25,25,26,26,27,27,24
74;dIeGBhFAcACgdifbeHbFhacEgdifhibGaDcEcebIhdAGfGDafechiBHaFCdIEBgEbchAgifdigdEfbcHA;0,1,1,2,2,2,3,4,4,0,1,5,5,6,6,3,7,8,9,10,5,11,6,6,7,7,8,9,10,12,11,11,6,13,14,14,9,12,12,15,16,16,13,14,14,17,17,17,15,15,18,13,13,19,20,20,20,21,15,18,18,22,19,23,24,24,21,18,18,25,22,26,23,23,23,27,27,25,25,25,26
75;FIACBDHegECbghIfDagDHeafbiciagfDEcHBdfehcbagibhcigaeFdcGDBeHIafaEiDFcgBhHbFaigdcE;0,1,1,2,3,3,3,3,4,0,5,1,2,6,6,4,4,4,0,5,7,7,6,6,8,8,9,10,5,7,11,11,12,8,13,9,10,14,14,15,15,12,16,13,17,10,18,14,15,15,19,16,20,17,21,18,22,22,22,19,16,20,23,21,18,18,18,24,24,20,20,23,21,25,25,18,26,26,20,27,27
76;ifegchBaDcBgIADFEHdhabEficGFechDaGibagbFiEdHchIDCbGefAGdhaficBebAFeGchDiECidhbagf;0,1,1,2,2,2,3,4,4,0,0,1,5,2,6,3,7,4,8,8,9,5,5,6,3,7,10,8,11,9,12,5,13,3,10,10,8,11,12,12,13,13,14,14,15,16,16,12,17,18,14,14,19,15,16,20,20,17,18,18,14,19,21,22,22,23,23,18,24,24,19,21,25,25,25,23,23,23,26,26,21
77;cfgeAIbdhhbdfcgIAeAieHbDcFGBdICGefHafGhbdaEcIeACIfHGbdiefDHcagBGhbaEfdicdCagiBHef;0,1,1,2,3,3,3,4,5,0,0,0,2,6,7,7,4,5,8,8,8,8,6,7,9,9,9,10,8,11,11,12,7,13,13,14,10,10,10,11,12,7,15,15,14,16,16,17,17,18,18,15,15,15,19,19,17,20,20,21,21,21,22,23,19,24,25,20,20,26,22,22,23,24,24,25,27,27,26,22,22
78;cIHaegdbFeDafbciHGFGBdihaceafdgcBHEiieGhAfcdbbHCEdigFAgAecfdbiHdBfihAEGchCiBGEfaD;0,0,1,2,3,3,3,4,4,1,1,1,2,5,5,5,6,7,8,8,1,9,9,9,6,6,7,8,10,11,11,12,12,12,13,7,14,10,10,10,15,15,16,13,17,14,14,10,18,19,16,16,17,17,14,14,20,18,19,21,16,22,22,23,23,20,19,19,21,21,21,24,25,25,26,26,27,27,27,27,24
79;HAfgdicbEiCEbahGfDgbDFcEIHadgaefbhcIBfchIDAEgeihCgabdfcDgiHFeabAeidbCFGhfhBAEgdiC;0,1,1,2,2,3,4,4,5,0,0,6,2,2,3,7,5,5,8,0,6,9,9,10,7,7,11,8,12,6,13,13,10,14,7,11,8,12,6,15,15,15,14,16,17,18,19,6,20,21,21,16,16,17,18,19,19,20,22,23,23,24,24,18,19,25,25,22,26,26,26,26,27,27,27,25,25,25,26,28,28
80;iheacdfgbFdbeHgaCicAgIFBedhhbafEcGIDGfIdbHcEAecdGIaHBFdeHcaibFgBGFhdeiacAIcBgfdhE;0,0,0,1,1,2,2,3,4,5,0,6,7,8,2,2,3,4,5,9,6,7,8,2,2,10,4,11,9,12,12,8,8,13,10,14,11,9,9,15,15,16,13,17,14,18,19,19,15,16,16,20,17,14,18,21,19,22,23,23,20,17,14,21,21,19,22,22,24,17,17,25,26,26,26,27,27,24,24,24,25
81;aFdBGIEcHibEchAgfdGHcfedaBifDIebGchahEgaicFDBcabhdFIgebghicedAfECfDahBigdiaGFBHeC;0,0,1,1,2,3,3,4,5,6,6,7,1,2,8,3,4,5,9,10,7,11,8,8,4,4,12,9,10,10,11,11,13,12,12,12,14,10,10,15,13,13,16,12,12,14,10,15,15,17,17,16,16,18,14,14,19,15,20,17,16,16,18,21,22,19,20,20,23,24,24,25,21,22,26,26,20,23,24,24,25
82;aBgicehFdihEfdAGbCCFdhBgEIaBefCAidhGDiCGehbafhgadfbicEfdhbgCAeIeciaHdFgbgABeIfCDH;0,0,1,1,2,2,2,3,4,5,0,6,1,3,3,3,3,4,5,7,6,8,8,9,10,11,4,5,7,12,13,14,9,10,11,4,15,16,12,13,14,14,17,11,18,15,16,19,13,14,20,17,18,18,21,16,19,13,22,20,23,23,18,21,24,24,13,22,20,25,23,25,26,26,26,22,22,20,25,25,25
83;aedfiBgCHIfGeChabdchBgAdeIFgiFcdaHeBBdchgeIfAeahbfIcdghCIABfDgefGadEcbHiDBeIHgFac;0,0,0,1,1,2,3,3,4,5,0,6,6,6,2,3,3,4,5,0,7,7,7,8,9,9,9,5,10,7,7,11,8,12,13,14,15,10,10,16,11,17,12,13,14,15,10,18,16,17,17,12,19,14,20,20,18,16,21,21,21,19,19,22,20,18,16,23,23,24,24,25,22,22,16,16,26,26,26,25,25
84;ADchfebigfiHDBgaECBEgcAidhfCfeidBGahHbiAGcefddgAeHficbiHdgcaFBEGAfbeHCdiECbFiDhga;0,0,0,1,2,2,3,3,4,0,5,5,1,1,6,6,7,4,5,5,8,1,9,6,10,7,4,11,11,8,12,9,6,10,13,14,11,11,15,12,16,13,13,13,14,17,17,15,12,16,16,18,19,20,21,22,22,23,23,18,18,19,20,21,21,24,24,25,25,26,27,27,21,21,28,28,28,25,26,26,27
85;ieGAbfDchaDfECHigbCbHgIDAefGIAdebhfcfceHAibDgDhBcfgEaIhfCideGbaeAiBGcfHDbgdfhAcie;0,0,1,1,2,2,3,3,4,5,5,1,6,6,2,3,3,4,5,7,6,6,8,9,9,9,4,5,7,10,11,8,12,12,9,13,5,14,10,11,15,15,16,16,13,17,14,18,11,19,15,15,20,13,17,21,18,11,19,20,20,20,22,17,21,18,23,19,19,20,20,22,24,24,18,23,23,25,25,26,26
86;cFhiGBDeaidaEHfbcGGeBdachiFdcIgbaefhhAFCDegbibgeFIHAdCebGaFicHDfHdbcGiAEaichedFgB;0,0,1,1,1,2,3,3,4,5,5,1,6,6,2,7,4,4,5,5,8,6,6,7,7,9,4,8,8,8,10,10,7,7,9,9,8,11,11,12,10,10,13,14,14,11,11,11,12,15,15,13,16,14,17,17,18,12,15,19,19,16,20,18,18,18,21,15,22,22,16,20,23,23,21,21,22,22,22,20,20
87;bcAiDFghEfeiGhcBAdGhdaEbcfiifbhaDEGCAgcFiedbhEDhbcgfiAdIFEbaHCgHbEcGIAdfcAgDfhieb;0,0,0,1,1,2,2,2,3,0,4,4,4,1,1,2,2,3,5,5,4,6,6,7,8,8,9,10,5,6,6,7,7,11,9,9,10,10,6,12,12,13,11,14,15,10,16,16,17,17,13,11,14,15,18,19,19,20,21,13,14,14,22,18,18,19,20,21,21,22,22,22,23,23,19,20,20,24,24,24,22
88;ecdaifGhBfIbGDHaceHgACbeifDBFEdachGigAhIfbdeccDIhEgFBAihceGDBafDBGfcAeihaeFbhicdg;0,0,1,1,2,2,3,4,5,6,6,6,7,7,2,3,4,5,6,8,8,7,7,2,3,3,5,9,10,11,11,12,2,3,13,13,9,10,10,14,12,2,15,15,16,17,17,18,14,19,19,20,16,16,17,21,18,22,23,20,20,24,16,25,21,18,22,23,20,20,24,26,25,21,27,27,28,28,29,29,26
89;gACEFIdhbibfdgHceAdhEcabifGAEgbidfchcIHfeGBadfDbahcgIEHcIgBEaDFeGaiDfhbcbFdHcAEgi;0,0,1,2,2,2,3,3,4,5,0,1,6,2,2,3,7,4,5,0,0,6,6,6,6,7,4,8,9,9,10,10,11,11,12,12,8,8,13,14,10,10,11,15,16,17,17,13,14,14,10,11,15,16,18,19,19,20,21,21,22,22,23,18,24,20,20,25,21,26,22,23,24,24,24,20,25,21,26,27,27
90;hfaBDcEigcgIaehFdBBEdIfGAcHIAFehbcgDehcdGFIbagdbCaihEFfbHgIEDaCDigHcabfeacefbdgHi;0,1,1,1,2,2,2,3,4,0,1,5,5,6,7,7,3,4,0,8,9,10,6,7,7,3,11,12,8,9,10,13,13,14,11,11,12,8,15,15,13,13,14,16,16,12,17,17,18,13,19,19,19,19,20,21,21,18,22,22,23,23,19,20,21,24,25,22,22,22,26,26,27,27,24,25,25,28,28,26,26
91;GEciFhadbaFbGdcHiehdiabEfgCcaHfIbDegbgDeHAICfFiedCGbAhDcGHafebiibfcedgHAEhABGicFd;0,1,1,1,2,3,3,4,4,0,0,0,1,2,5,5,6,4,0,7,0,8,9,5,5,6,4,10,7,11,8,9,12,12,6,13,10,14,11,8,15,16,16,17,13,18,14,11,19,15,20,16,17,17,18,14,19,19,15,20,21,22,22,18,23,19,19,15,15,21,24,24,23,23,25,25,25,25,26,26,24
92;IAFedbchgceDFGhIaBHbGiCaefdeGiHacdbfbfhdEigcaaDcbFGHIefieahdBGcDCBGifAehgHAcbeFdI;0,1,2,2,3,4,4,5,5,0,1,6,3,3,7,8,8,5,0,9,6,10,10,7,11,11,12,0,9,6,10,10,13,13,12,12,0,9,14,14,14,13,15,15,15,16,16,16,17,17,18,15,19,19,20,16,16,17,17,18,21,21,21,20,22,22,22,22,22,23,23,24,20,25,25,25,26,26,27,27,24
93;HFbCeGdiacaiDHBfEGEdgIfabhcicEgaFhBDfbaedhgcIdghBIceafbidAGecfhgEfHCIadBAHcFBdiGe;0,0,0,1,2,3,3,4,5,6,6,1,1,2,7,7,4,5,8,8,9,9,10,11,12,4,4,8,8,13,14,10,11,12,15,15,16,17,13,14,14,14,15,15,18,16,17,19,19,14,20,20,21,18,22,23,23,19,24,24,25,21,21,22,22,22,22,26,25,25,27,27,28,28,28,28,26,26,29,29,27
94;hicDAFEGBbfdIgeHaCAegChbfdiCAFHeIdBgegIabdchfdBhgFcAiEicbedhgfafDabcGIeHGHeFiabCd;0,0,1,1,2,2,3,4,4,5,0,6,6,2,7,3,4,4,5,0,0,2,2,7,3,8,8,9,10,11,11,11,12,3,3,13,9,10,10,11,11,12,3,14,13,15,10,10,16,16,16,14,14,17,15,15,18,18,19,19,20,21,17,22,22,22,22,23,24,20,21,17,25,25,25,23,23,24,26,26,26
95;ciafgbHDEeGFhcdbAIHBDEaifgcFCeibGdhabaHcDfIegiDgAehcfBAFBDiEgchdeighcabFghcBFAEid;0,0,0,1,2,2,3,4,4,5,0,6,1,1,1,3,4,4,5,5,6,7,8,8,9,4,10,11,11,6,7,7,7,9,12,10,11,13,6,14,14,15,15,12,10,13,13,16,14,14,17,17,18,10,19,13,16,20,20,17,18,18,10,19,13,21,20,20,22,22,18,23,24,24,21,21,20,25,25,25,23
96;ieAgbchfDcbHADfgeifgdheIBacaFEighDcbbdgecafIHhicDfBEgaGCIFHDabeDAFbIEChGEhbcaGidf;0,0,1,1,1,2,2,3,3,0,4,4,5,6,6,7,7,7,8,8,4,5,9,9,9,10,7,11,12,4,13,13,10,10,10,10,11,12,12,13,13,14,15,15,16,17,18,18,13,19,14,14,20,16,17,17,21,13,19,19,22,20,23,17,17,21,24,24,19,22,23,23,25,25,21,26,26,27,27,28,28
97;HafGdebicbgcihAefDDeIfcbAHggIdBafCEhCFhdEigbaabecgHIdFFHBaIgdCeidaeFCHGBeCghbDfai;0,0,1,2,2,3,4,4,5,6,6,1,2,7,3,8,5,5,9,9,9,9,7,7,8,10,10,11,11,12,12,7,13,13,14,14,11,11,11,15,15,15,16,14,14,17,17,18,19,15,20,16,21,21,17,18,18,19,20,20,20,22,23,24,24,18,25,20,20,26,22,23,24,27,27,25,28,28,26,22,23
98;DcigebhfaAbFCHigdehEgdfABIccIahgdEbfeHbAiFCGdGFdebcaHifgHIcEdaBIdebagfCHbACfDhIeg;0,0,0,1,2,3,4,4,4,5,5,0,1,2,3,4,4,6,7,8,8,8,9,10,10,11,6,7,12,8,13,9,10,10,11,6,12,12,12,13,14,10,10,15,6,16,17,17,18,14,19,15,15,15,16,20,20,18,21,19,19,22,22,16,16,20,21,21,23,24,24,25,16,16,26,26,21,23,23,25,25
99;agfdEBchIIdbgcHAEfCEhaIfDbgHciEbdgfADBaFhgEiCeFgiaCbdHFaEcDiHGBbidhgafceghCbFeiad;0,0,0,0,1,1,1,2,2,3,3,4,4,4,5,6,7,8,9,9,9,10,5,5,6,7,8,11,11,10,10,5,5,6,12,8,11,11,11,13,13,14,6,12,12,15,11,16,13,13,14,17,17,18,15,16,16,19,19,20,20,17,18,21,21,21,22,19,23,23,24,18,21,25,25,22,19,19,23,24,24
100;hAcFeIGdbifbGDAhCEdeGcbhAiFBciAgEfhDEHDICfbagFgabHdcEIcihefgdBAadFhibegcgbedACifh;0,0,0,1,1,2,3,3,4,5,5,6,2,2,2,4,4,4,7,7,6,2,8,8,4,4,9,7,7,10,10,11,11,11,12,9,13,14,15,15,15,15,16,12,9,13,14,14,17,18,18,16,9,9,13,19,17,17,17,20,21,22,23,24,19,19,25,25,20,21,22,23,24,24,24,26,26,20,21,21,23