501;iecabgHDffhadcIgebbdGEhFaiCEfdhicbgacibFgaehdGAHbDefcidgEcfbiAhaCFiehdbghbigADCfe;0,0,0,1,1,2,2,2,3,0,4,5,1,6,2,7,3,3,4,4,5,5,6,7,7,8,9,4,4,10,5,11,11,12,8,9,13,14,10,10,15,12,12,16,17,13,14,14,18,15,15,15,16,17,13,19,14,18,20,20,21,17,17,13,19,22,23,23,20,21,21,24,13,22,22,22,22,25,25,25,24
502;CiBafedhgegdIHcfbafahGbdIeCHcibDFgaebdEcgahifgFaheicdbibcdAGeFhaEgfihbcDdHfecBAgi;0,0,1,1,2,3,3,4,5,0,6,6,2,2,7,3,4,5,6,6,6,8,8,7,3,4,9,10,10,10,11,12,7,13,14,9,15,15,11,11,12,12,13,14,9,15,16,16,17,17,17,13,14,18,19,19,20,21,21,22,22,14,18,19,19,20,20,20,20,23,24,25,26,26,26,26,27,27,23,24,25
503;aEbiGfcdhhgiacdeBFdcfbHeaIgifAcegDhbbHcdAIGfEedgfbhicafaDGibheCgIhefcbAdcbeHdAfgi;0,0,1,1,1,1,2,3,3,4,0,5,5,6,6,2,7,3,4,4,8,9,9,10,11,7,7,12,12,8,8,13,10,11,7,14,12,12,12,15,13,16,11,7,14,17,17,18,15,15,16,19,7,20,21,17,18,15,15,16,19,19,20,21,21,21,15,22,22,23,23,20,21,21,24,24,22,25,25,23,23
504;gaEBcfihdBHiadgecFfcdehibgAEgchIAdfbhbadFcgieiDfgbEcahdIgfehAbcafbcgDHEiCeHiabFdg;0,0,1,1,1,2,2,3,3,4,0,0,1,1,5,5,3,3,4,6,6,6,7,7,8,9,9,4,4,10,10,11,7,8,8,12,13,14,10,10,11,11,11,15,12,13,14,10,16,16,17,15,15,18,19,14,20,20,21,17,22,15,18,19,19,20,20,21,23,22,22,24,25,25,21,21,21,23,22,22,24
505;aIBeDghfCgCDfhaEibhefibCgAdcbeHAfidgdgabeIfChiFhcgdabefhgdibceaediachBGfbacGFEdHi;0,0,1,1,1,1,2,3,3,0,4,5,5,6,7,2,3,8,0,4,9,6,6,7,2,8,8,10,10,9,11,11,7,7,12,13,10,14,15,11,16,12,12,12,13,14,14,15,11,16,16,17,17,17,18,18,15,11,19,19,20,20,20,21,18,22,22,19,19,20,23,23,21,18,22,24,24,24,24,25,25
506;IafdbgeCHbecfHADgidhgiecfbahfbagdieCaiDHcEBFgcGebfiahdfBacihgdEeDHGafcibgcieDbhaF;0,0,1,1,2,3,4,5,5,1,1,1,6,2,3,4,4,5,7,7,6,6,3,3,8,8,5,9,7,10,10,10,11,12,8,13,9,7,14,14,14,11,12,15,13,16,16,14,17,17,17,12,15,15,18,14,14,19,19,20,20,21,21,18,22,22,23,20,20,20,21,21,24,24,22,23,25,25,26,26,26
507;hcbiGedfaAigfhdBeCdEfbcAigHcbageHfDiFhdAbigceIgedfcahbbaHcdGEIfEDihafcbggfceIbhAd;0,1,2,2,2,3,4,5,5,0,1,1,1,1,3,4,4,6,7,8,8,1,9,9,9,6,6,7,7,8,8,10,10,10,11,12,13,13,8,10,10,14,11,11,12,13,15,16,17,14,14,18,19,19,20,15,16,17,21,22,18,23,23,20,15,24,24,21,22,22,22,25,26,26,27,27,21,21,22,22,25
508;bdgFhecaieAFICdBhgcihAbgfDefheDicgBaDGabfheiciCbgeadfHaechdFigbGBdeaihcfhFIcgbaEd;0,0,1,1,2,2,2,3,3,4,5,5,1,6,6,6,7,7,4,4,5,1,8,9,9,9,7,10,10,10,1,8,11,12,13,13,14,14,14,15,11,11,12,12,16,17,18,14,15,11,11,19,19,16,17,18,14,14,20,20,21,21,22,17,18,23,23,20,24,24,24,22,17,25,25,25,20,26,26,27,27
509;bhicgefadeFaHbdCigGdCiafbeHhBFedAgciCedBigahfaigfhcdbEiAbdFhegcfChgeBIDaDgeaciHfb;0,0,1,1,2,2,3,3,4,5,6,7,7,2,2,2,8,4,5,6,7,7,9,10,10,8,8,11,11,7,9,9,12,10,13,13,11,11,14,15,12,12,16,16,17,18,14,14,15,15,19,20,16,17,18,21,22,22,23,19,20,24,17,25,21,23,23,23,19,20,24,26,25,21,27,27,28,28,20,20,26
510;fGaidBeHCcIbahegdfeDhGcfbAiBaFegHciDghCdbiafedeifachbgicehfadGbaBdcigfEHhfGbEdIca;0,1,1,2,2,2,3,4,4,0,1,1,5,6,6,3,3,4,7,7,8,5,9,6,10,10,10,11,8,8,12,9,13,13,14,10,11,15,8,12,16,13,14,14,17,18,15,12,12,16,19,14,20,17,18,21,21,22,22,19,19,20,23,24,24,25,22,26,27,27,28,23,24,24,25,25,26,27,27,28,23
511;aEdHifcgbgfCdBahiebIHcgeaDfhgbIeDFaccdfgahEbieaibfCdhgDhgFcibeAfbaEdgIchicEaHbGfd;0,0,1,2,3,3,4,5,5,0,6,1,2,3,3,4,5,5,7,6,8,2,2,9,10,10,11,7,7,8,12,12,9,10,13,11,14,14,15,15,12,12,16,13,17,18,19,20,20,21,21,16,22,17,18,19,20,23,24,24,24,22,22,25,25,25,23,23,26,26,27,27,28,28,28,23,23,29,29,30,30
512;dBFahcegihaciegbdfiegdfBHaccgbfIdahEeDiHcAgfBfhAbGecidbfegaidcHgidcbHfEAACheDfIbg;0,1,2,3,4,4,5,6,6,0,1,2,3,7,4,5,8,8,0,1,9,7,7,4,10,11,8,12,12,9,13,14,10,10,11,15,12,12,16,13,14,14,17,17,15,18,18,16,13,19,19,19,15,15,18,20,20,13,21,21,22,23,23,24,24,20,13,25,25,22,26,23,24,27,27,28,28,25,26,26,23
513;aIceBhDfgbhdgFCaeiefGDiacHbgaihDBecfCDFagEIbhhebfcigdAichbEgfadfbeiadhgCdGachfbiE;0,0,1,1,2,3,4,4,5,6,6,7,8,2,3,3,9,5,6,6,7,8,2,10,11,9,12,13,13,13,14,14,10,11,15,12,13,13,16,16,17,17,18,15,19,20,20,21,21,22,17,18,23,19,20,24,25,22,22,26,26,23,27,28,24,25,22,22,26,29,27,27,28,24,25,30,30,30,29,29,29
514;dbcihaefgfagbdEhciheifCgABdidfebcgaHaCeHGfdIBGhBdaiFecbihafdcgeeGaCiHbdFCFdGebiha;0,0,0,0,1,1,2,2,3,0,0,4,4,1,1,5,6,3,7,7,4,4,8,8,5,6,9,10,7,11,12,12,13,13,13,9,10,14,11,12,12,15,15,15,16,17,14,14,18,19,19,19,16,16,17,20,20,18,18,21,21,21,22,23,24,24,24,18,18,25,22,22,23,23,26,26,27,27,25,28,28
515;aDbCighefCiefaHbgdghfebdciAEfIahbgdCbAgidcefHdchgFeabIheAdgfICbFbCheIdaGIgdbcafhe;0,1,2,2,3,3,4,4,4,0,1,1,5,6,6,7,7,8,9,9,10,5,11,6,7,12,8,13,13,10,5,11,14,14,12,8,15,16,16,11,11,14,14,12,17,15,18,18,19,19,20,20,20,17,15,15,18,21,22,22,22,17,17,23,23,21,21,21,24,24,17,25,23,26,26,26,27,27,24,24,25
516;HiadCbgfEbecgfahiddgfheIAcBebifDGcAhacHibefdGFdgaHCebicheBadigfGFbcihdeaiadegfBHC;0,0,1,1,2,2,2,3,3,4,4,5,1,6,6,7,3,3,4,4,5,5,5,6,7,8,8,9,10,10,11,11,7,7,8,12,9,9,10,11,13,14,8,8,12,15,15,16,11,13,14,17,17,18,19,19,16,16,20,14,14,21,18,22,22,22,23,20,14,24,21,18,22,25,25,23,26,26,24,21,18
517;FiBahecdgeGdicfbahahcdgbIfEDeaCighbfgbhfeAdIcCFihbDegahdGbFCaEiIaEGdhfcbbcfeaigHd;0,0,1,2,2,2,3,3,4,0,1,1,5,5,2,2,6,4,7,7,8,8,8,8,9,6,10,11,12,12,12,13,9,9,6,10,11,11,14,13,13,15,15,6,10,16,17,14,13,13,18,15,19,20,16,17,21,22,22,18,23,19,20,16,16,21,24,25,18,23,26,20,27,27,21,24,25,18,26,26,20
518;hfEIabDcgbgcFhdieAdaicgehfbGebhIafdCFHdbcgeAiciAdefBghaDGeBHcifechAfigBdibfgdCahe;0,1,1,2,2,3,4,4,5,0,0,2,2,2,3,3,4,5,6,7,8,8,8,9,4,4,10,6,7,7,7,11,9,12,10,10,13,13,7,14,11,12,12,10,10,13,13,15,14,16,16,17,17,18,13,19,15,15,20,20,21,17,18,22,19,23,23,20,24,21,21,25,22,19,23,23,24,24,26,26,25
519;cadfibheghfgeCDabiIbEGaHfCdegidFacHbBDhceigAffCAbhgIdeaefIdcBgHgichbEDfadhbagfeic;0,0,0,1,2,2,3,3,4,5,0,0,1,6,6,3,3,4,5,7,7,7,8,6,9,9,10,5,11,12,12,8,6,13,9,10,14,11,15,12,16,16,13,17,18,14,14,15,15,16,16,19,17,18,20,20,21,22,22,16,19,23,18,24,25,21,22,22,26,19,23,18,24,25,27,27,26,26,19,23,23
520;DcahifbegiEgadbcHFfBhGcEidAGIeBhdfacbhdfacegiafciegdBHCgfeBhAiDhabdFIgceedicGahfb;0,0,0,1,2,2,3,4,4,5,5,6,1,7,2,3,3,3,5,6,6,7,7,2,8,8,8,9,6,10,7,7,2,8,11,11,9,10,10,10,10,12,12,11,11,13,14,14,15,15,16,12,11,17,13,14,18,19,19,16,20,17,17,21,18,18,22,22,16,20,17,17,21,23,23,23,24,24,20,25,25
521;ecgbahiDfafDICgbhebIhdfeCGAhbagdiefcdeiCHFabgcgfEbAdiHgdehicfaBiaCfGbHedFhbaedgcI;0,0,1,2,3,4,4,4,5,0,0,1,2,3,6,6,7,5,8,9,2,2,10,11,11,7,5,8,9,12,12,10,10,13,13,14,15,15,12,16,16,17,13,13,14,18,18,19,16,16,17,20,21,21,22,19,19,23,17,17,20,21,24,22,19,25,23,23,26,26,24,24,27,27,25,23,28,28,26,29,29
522;BDcafhiegahigcedFbGEFdibchacbdhGifaEefHBAdgicIGACeFhBDhaefdgbcifcGIbaedhdibehcagf;0,1,2,2,3,3,4,4,5,0,1,1,2,3,3,6,6,5,7,1,8,9,9,9,6,6,10,7,11,8,9,9,12,12,6,10,13,11,14,14,14,12,12,15,16,13,17,17,17,14,18,18,15,16,19,19,17,20,20,21,21,15,22,23,24,24,20,25,25,25,15,22,23,23,24,26,26,26,27,27,27
523;gADbfehcIbCHiGaedfEifdchgbacHbadFigefeihbgDAcadgEicbfhhfcgEdAIbigafHBceddbecaiFHG;0,0,1,2,2,2,2,2,3,4,5,1,1,6,6,3,3,3,4,5,7,7,8,8,9,9,3,10,10,10,11,8,12,9,13,14,10,15,15,11,16,12,12,13,14,17,18,19,19,16,20,21,21,22,17,18,18,23,20,20,24,21,22,25,26,23,23,23,24,24,27,22,25,26,26,23,28,28,24,27,27
524;daihgcFEbgCFaebdihehBDfiagCIgheadbcfafdcbgihECBEfihgDabegicFHadfDaGheCbihIcbDaefg;0,0,0,1,2,2,2,3,3,0,0,4,1,5,5,2,2,6,7,7,4,1,8,8,2,6,6,9,9,4,1,10,8,11,11,11,12,9,13,14,10,10,10,15,11,12,13,13,14,16,16,15,15,15,17,18,13,14,16,19,20,20,20,17,18,21,14,22,19,19,19,23,24,24,21,21,22,22,25,25,23
525;aiFdBgehcbgcheIafDHDefcaigbibaeFhCDgGChadBfeifedGichbadhibafgceeagcHdbIFCfBiGedaH;0,0,0,1,2,2,2,3,3,4,4,0,1,5,5,3,3,3,4,6,6,1,7,7,8,3,9,10,10,10,1,11,12,8,13,9,10,10,14,14,11,12,15,13,13,14,14,14,16,16,17,15,18,13,19,20,14,21,16,17,18,18,22,19,20,23,21,16,24,24,24,22,25,25,23,21,26,26,26,27,27
526;FdBaechGihcidBGaEfeaGhfIbDcchegabFidbiaeDfgchgfdicheaBaEfchdIbgiBcFGadhedghbIeCfA;0,1,1,2,2,3,4,4,5,0,1,1,6,2,3,7,7,5,8,8,9,6,6,3,10,5,5,8,8,9,11,11,11,10,10,12,13,13,13,13,11,11,14,14,12,15,16,16,17,17,18,14,14,19,15,16,20,20,17,18,21,21,19,22,23,24,24,24,25,21,26,19,22,23,27,27,24,25,26,26,26
527;IhcFedagbdBeigahCFgafBHceideiBGcfdhaaDghibFEccfhadEGbiHgadBIcfeFCieahbdgbedcfGiah;0,1,1,2,3,3,4,5,5,0,6,6,2,7,3,4,8,8,9,6,10,10,7,3,4,11,8,9,12,13,13,7,14,14,11,15,9,12,12,13,7,7,16,15,15,17,18,19,19,19,20,16,15,21,17,18,22,23,20,20,16,15,21,24,25,22,23,20,26,26,26,26,24,25,27,27,27,27,27,28,28
528;DiABcGEFhgbfEdhCaihCeaifdbgiHdfAcgebEfcHgbaidbagdeihcFcghibefDAaebGFdihcfdichaBgE;0,0,0,1,1,2,2,3,3,4,4,5,1,1,2,6,6,6,7,5,5,8,9,9,9,6,10,7,11,8,8,9,9,9,10,10,7,11,12,12,13,13,13,13,14,15,16,12,17,17,17,18,18,14,15,16,16,19,17,20,20,18,21,22,22,19,19,23,24,25,26,21,22,22,27,27,23,24,25,26,21
529;heAcgfbiDfGiBdHacebdCiEAgfHAhgDfcEBidifaBehGccbehIGdafiabfHdceggfhecbidAecDgaifhb;0,0,1,1,1,2,2,3,3,4,0,5,6,1,1,7,8,3,4,5,5,6,6,9,7,8,10,11,12,5,13,9,9,14,15,10,11,12,13,13,16,16,14,15,15,11,17,13,13,13,18,18,18,19,11,17,20,21,21,22,22,18,19,23,24,20,21,25,26,26,26,19,23,24,24,24,25,27,27,28,28
530;cHEdgbifagfiCAhedbdbafeighchdfaIebcgegcbhDFaiaIbgcFhEdFediBacGhiAgHfCdBEbchedgAiF;0,0,1,1,2,3,3,4,5,6,2,2,2,2,3,4,4,5,6,7,8,9,9,10,11,11,5,6,7,8,12,12,10,13,14,15,16,7,7,12,17,17,13,14,15,16,16,18,12,17,17,13,19,19,20,21,18,22,22,22,23,19,24,20,21,25,25,25,26,23,24,24,27,27,28,28,25,26,23,29,29
531;efchAGDibhiabdcfegdGBiefCAhabdgcieHfGHiefbAdcfCEdhagbIBahCgdifEIDgfbehcacefaihbGd;0,0,0,0,1,1,2,3,4,5,5,5,0,0,1,2,3,4,6,5,7,7,8,9,9,10,11,6,6,12,8,8,9,10,10,11,13,13,12,14,14,15,16,16,16,17,13,13,14,18,15,15,19,16,17,13,20,14,18,21,19,19,19,17,22,20,18,18,21,19,23,23,22,22,20,20,18,21,24,24,24
532;aECgHdfibhdIbafegcFGbceidahefdaiCBHggbAEdhiCfcihfbgaedbaghfecdiIhfdCAgbEDcEIgbhfA;0,0,0,1,1,2,2,2,3,4,5,5,6,1,7,7,3,3,4,8,5,6,9,7,7,10,3,8,8,11,6,9,12,13,10,14,15,15,11,11,16,12,13,13,14,15,17,18,16,16,13,13,19,20,21,17,18,22,23,23,24,19,20,21,25,22,22,22,23,24,19,26,21,25,27,27,27,28,28,26,26
533;IaHbecdFgbGdiafhcecfegdhbAiEibfgacHddhFcIBGeaacgdheIbFheiACdfgbfDahbgEicGBcefIadh;0,1,2,2,2,2,3,3,4,0,1,5,2,2,6,7,7,4,8,1,5,8,9,6,6,7,10,8,8,8,8,9,11,12,10,10,13,14,14,15,15,11,12,16,16,13,14,14,17,15,18,12,16,19,20,20,20,17,21,18,16,16,19,22,20,23,23,21,24,24,24,25,22,20,20,26,26,26,27,27,25
534;iheFAcdgbcadegBifhbfGihDACEEIabCfhdgDBhgiEfacfgcadHBeigCfdbiehahdbceaGIfaeihfgcBd;0,0,1,2,2,2,2,3,4,5,0,1,2,6,6,6,3,4,5,7,7,8,6,9,9,10,10,5,11,11,8,12,12,9,10,10,11,11,11,13,13,12,14,15,15,16,17,17,13,18,19,14,15,15,16,20,13,13,18,19,21,21,21,22,20,23,24,24,19,25,26,26,22,20,23,24,24,19,25,27,27
535;gHceadfbiebihGfCDaDFaCibhgefcGabeihdhaedcIbFGBiDgfheaccdfbEgAihagbihcDeFiEhfdAgCb;0,0,1,1,1,2,2,3,3,0,4,5,1,6,7,7,8,8,0,4,5,5,6,9,7,7,10,11,11,5,12,13,9,9,10,10,11,14,15,12,13,16,16,10,17,18,14,15,15,15,19,19,17,17,18,20,20,21,21,19,19,22,22,23,20,24,21,21,25,25,26,26,23,20,24,24,27,27,27,28,28
536;eafghcDbiIbceadhgfDhgBiFAeCFeBDGicahcdiabhgfeaghcfebiDgIdFcaEHBbfehdGicahCAiebfdg;0,0,1,1,2,2,3,4,4,5,6,6,1,1,2,3,3,4,5,5,7,7,8,8,8,4,4,9,9,9,9,9,10,10,11,11,12,12,12,13,14,15,10,10,10,16,17,17,13,14,15,18,19,19,16,16,13,13,20,15,18,18,21,22,23,23,23,20,24,24,18,21,22,22,23,25,25,25,25,26,26
537;cfbhegiadeGdaicfhBihafdbcEggdhicFAbeBaCehdgiffEiGbahdCAceBfhDGIhBfdgiecaDiGCaEbfh;0,0,0,1,2,2,3,3,3,4,5,6,1,1,1,7,8,8,4,5,6,6,1,9,7,7,7,4,10,6,6,11,9,12,13,14,10,10,10,11,11,12,12,13,14,15,15,15,16,17,18,18,19,19,20,20,21,16,17,22,22,19,23,20,21,21,16,17,22,22,24,23,25,25,25,26,26,26,24,24,24
538;adgBfieHChFbcdegaIEcIHAgdbfbaefCDiGhFgceihadbdIhagbfcegBfdeChiaceDihabfgihAGbfcEd;0,0,1,2,3,3,4,4,4,0,0,1,2,5,6,6,6,6,7,7,1,5,5,5,6,8,8,9,9,10,5,5,11,12,12,8,13,9,10,14,14,11,15,15,16,13,9,10,17,14,18,19,19,16,13,20,17,17,21,18,22,23,23,24,20,20,25,21,22,22,22,22,24,24,25,25,26,26,27,27,27
539;ahcefIdbggFdbcHiEAeBiGdafhchdefAgBCifGbihcadEicadebhgFceHABfgiddiFHgeCabbAgcidefh;0,0,1,1,2,2,3,4,4,5,5,1,6,6,7,3,8,9,10,5,11,6,12,7,13,8,9,10,14,11,15,12,12,13,16,17,18,14,15,15,19,19,20,16,17,18,14,15,15,19,20,20,21,21,22,22,23,24,24,20,20,25,21,26,23,23,24,24,27,28,25,21,26,23,29,29,29,27,28,30,30
540;gCIBfahDefebhdcigahadigecFBcdaeHGfbiihfcbDEAgEBgfaidhCaihdebgcfbfEgcHaiDDgcaiFbeH;0,1,1,2,2,3,3,4,4,0,0,1,2,2,3,5,6,4,0,0,7,7,8,8,5,6,4,9,10,10,7,11,12,12,12,13,9,14,14,15,11,11,11,16,13,9,15,15,15,17,18,18,16,13,9,19,19,17,17,17,20,16,13,21,21,22,22,23,17,20,16,24,25,25,26,26,23,24,24,24,24
541;caeigBhfDifGAdhCbEdbhfEcgIahcBGIdaeffidhaebcgegabcfiDhbhCefadgigDfcHIEabAeidbgfHC;0,1,1,1,1,2,2,3,4,0,5,5,6,7,8,9,3,4,10,10,11,6,7,8,9,4,4,12,11,11,6,7,8,8,13,14,12,11,15,15,16,16,13,13,14,12,17,17,15,16,18,13,19,20,21,17,22,22,23,18,18,19,20,21,17,22,23,23,24,24,19,25,21,26,26,27,27,27,24,25,25
542;figecdHbAhCaIfbgdEEbdaghcFiChidAGbeFbgeFHidacadfbecIghIfhgdAecbDachbeFiggeBcifaHd;0,0,1,2,3,3,3,4,4,0,1,1,2,2,3,5,5,6,7,1,8,8,8,8,9,5,6,7,7,10,10,10,11,9,12,6,13,13,14,10,10,11,11,12,12,13,13,14,15,15,15,16,17,17,13,18,18,18,16,16,16,19,19,20,21,22,22,22,23,24,19,25,20,21,26,26,22,23,24,19,25
543;EcfahbigdihgdeFBcADbAgCihfEGfDhbaeichabCieFDgceifgdAhbFghbaCdeIaiceDHgbfBdeifgcah;0,0,1,2,2,2,3,3,4,5,6,1,1,7,8,8,4,4,5,6,9,7,7,8,8,10,10,11,9,9,7,7,12,12,10,13,11,14,15,15,15,16,17,17,13,11,14,14,18,16,16,19,17,13,20,20,18,18,16,19,19,19,21,20,20,18,18,22,23,24,21,21,25,25,26,26,22,23,24,27,27
544;fegihaCdbbchdfGeAIidAeCbfhgCfiHGEdbaHbeadfgicgadcbihEFaicfeHbGdEgFBadichdhBgIcafe;0,0,0,1,1,2,3,3,4,0,5,5,1,1,2,2,3,4,6,6,6,7,1,8,8,9,9,10,6,11,7,12,12,13,9,9,10,6,11,7,7,12,13,14,15,10,16,11,7,7,17,14,14,15,18,16,16,19,19,17,14,14,20,18,16,21,19,19,22,22,14,20,16,16,21,21,19,23,23,24,24
545;hceaidbfgbgDCFeahIafiBgHdCefAcheigdBiehdbGcafDBgfcaEiHeDbiaFhgcgiaEhcFBdChfgdbiea;0,1,1,2,3,3,4,4,4,0,5,1,2,6,3,7,8,4,0,5,6,6,6,3,7,8,9,0,5,10,6,6,11,11,9,9,12,5,10,13,14,15,11,16,17,12,5,18,13,14,15,19,16,17,20,18,18,13,14,14,19,16,21,20,20,22,23,14,24,24,21,21,25,25,22,23,26,26,24,27,27
546;gaeHfDIBcBChigadeffidebCagHDBfghIcaeHEaCdFgibiGcaebhfdchbfigeDaedIBaHfcgafgdcebhi;0,0,1,2,2,2,3,4,4,0,0,1,5,2,6,3,4,7,8,9,1,5,10,6,7,7,7,8,9,10,10,10,6,11,12,12,13,14,14,15,15,16,11,11,17,13,14,18,19,15,16,16,17,17,20,14,18,19,19,16,16,21,17,20,22,22,19,23,23,24,21,25,22,22,22,26,26,26,24,25,25
547;hdbegiafCgcihaFdbEaEfcDBIGhbiedcgHafcGaFihedbdfhbeAcIGFBcahdgeieaGibcfhdiHdgfEBca;0,1,2,2,3,3,3,4,5,0,1,2,2,6,6,7,4,5,8,9,9,9,9,7,7,10,5,8,11,11,12,13,13,14,10,15,11,11,12,12,13,16,14,17,15,18,19,20,12,13,16,17,17,15,18,19,20,21,13,16,22,17,23,24,24,24,21,16,16,22,22,23,24,25,25,25,25,26,26,26,26
548;fiabdghcehcgAEfdbIebDhicaGfcHIgfaeDbgdbCheiFaaeFdBiGhcigCfahbedbfeiGDcAHDahecBfig;0,1,2,2,3,3,3,4,4,0,1,2,5,3,6,6,4,7,0,0,8,5,9,10,10,7,7,11,12,8,8,9,13,10,10,14,11,12,12,8,15,13,14,14,14,16,17,15,15,15,18,18,19,20,16,17,21,21,15,22,22,19,20,16,23,23,24,24,25,22,26,27,28,28,29,29,25,25,26,26,27
549;eaIfghdbcdgcaibfHeHBfdecgaiBfdchgeIaAegbdiHcfichEaFBDgfiagBdcehGdEhCaiFbcHbIfeaGd;0,0,0,1,1,2,3,4,5,6,6,0,7,2,2,3,4,5,6,8,7,7,7,9,3,10,5,11,8,12,13,9,9,14,10,15,11,16,12,13,17,9,14,18,15,11,16,19,20,17,21,22,18,23,11,16,19,20,24,21,22,23,23,25,24,24,24,24,21,21,23,23,25,26,26,26,26,26,27,27,27
550;aIgcbefdhecFDhgibaBdhiafcGedhefgABCIgbAHicdefiFCbEdhagfebGcIaHdcgiadhEFbHadefbgic;0,1,1,2,2,3,3,4,4,0,5,5,5,6,6,7,4,4,8,9,9,10,10,6,7,11,12,8,13,14,10,10,11,11,11,12,15,13,14,14,16,17,18,11,12,15,19,19,19,16,17,18,18,20,21,21,22,22,16,17,23,23,20,24,21,22,25,26,27,27,27,20,24,28,28,25,26,26,27,27,20
551;IabcfhGdefhDeagcBICegiDbfahebhficdgAaFiGhdecbdGCabeihFbdEhgFaicHifdcabeGgCabeiHFd;0,0,1,1,1,2,2,2,3,4,5,1,6,7,8,9,10,3,4,5,6,6,7,8,9,10,10,11,11,12,13,13,8,14,14,15,11,11,12,13,16,8,14,14,15,17,17,17,18,16,19,19,20,21,22,22,18,18,23,24,24,20,21,22,25,18,26,23,23,24,27,28,25,25,25,26,29,29,24,27,28
552;HaBEfIdgcidfgaCheBCGEbdhFaidehicgBfafcIahBEdgGbadefcihaiCfBeghDEHdcgaibfbfghidace;0,0,1,1,2,2,3,3,3,4,4,5,1,6,7,7,8,3,9,10,5,6,6,11,8,8,12,9,10,5,5,5,11,12,12,12,13,10,14,14,15,11,16,16,17,13,10,18,19,15,11,20,16,17,21,22,18,19,23,11,20,16,17,21,22,24,25,23,23,20,20,17,21,21,24,25,25,26,26,26,26
553;HagbcfdiebidhGEFcaFceiadbHgigbEfAcdhdfacbhegicEhGdIabFghfdebiACadCFIghebebiahCGfD;0,0,1,1,2,2,3,4,4,5,1,1,6,6,7,3,3,8,5,5,9,6,7,7,3,3,8,10,10,9,11,12,12,13,13,8,10,14,14,11,15,15,15,13,8,16,16,16,16,16,17,17,13,13,18,18,16,19,19,17,20,20,21,22,22,23,19,19,17,20,20,21,22,22,23,19,24,24,24,25,25
554;eacfigBhdbGIdcheFaHDfaebCigFhgBadiecCedGHifabibaeFcdghAchibfgDEdIEcGaHbfgfbhdeaci;0,0,1,1,2,2,3,4,4,5,0,0,0,2,6,3,3,3,5,5,0,7,7,6,8,3,9,5,10,10,11,11,12,8,13,9,14,10,10,15,15,12,12,13,16,14,17,17,15,18,19,19,20,16,21,17,17,15,18,22,23,20,24,21,25,25,25,22,22,23,23,24,26,26,25,27,27,22,23,28,28
555;AEhficgbddcgEBhiafibfAgdeChFiCbhgdeaedbcfahgiHGadeicFBgheiaBfdcbfDhceaIGcaigdFBHE;0,0,0,1,2,2,2,3,4,0,0,1,1,1,3,3,3,4,5,5,5,6,6,6,7,7,8,9,10,10,11,11,12,8,8,8,9,9,13,11,14,12,15,15,16,17,18,13,14,14,12,15,15,16,17,18,19,19,20,21,22,22,22,17,17,17,23,20,21,24,22,22,25,25,23,23,26,26,24,24,24
556;eiGhfabcdafcEdBIhgDhbCGifeahadFigEbCceibAHDgfbgfdcehaiFChaedgibiBAGhFcdegdeibcafH;0,1,1,2,3,3,4,5,5,0,1,1,2,3,3,4,6,5,7,1,8,8,9,3,10,6,5,7,7,11,9,9,10,10,10,12,11,11,11,9,13,13,14,14,12,15,16,16,16,13,13,17,14,14,15,18,18,16,19,17,17,20,20,21,21,22,22,19,17,23,23,24,21,25,25,22,26,26,23,23,24
557;eGhcdibfAfbcaegidhaiDfhbeCGBCiegdhafghabfCDIEdFehiAcgbcagIBeFhDIeFdAhgbchdbgcfaei;0,1,1,2,2,3,3,4,4,0,1,5,5,5,5,5,6,7,8,9,9,9,10,10,6,6,7,8,11,12,12,10,10,13,13,14,11,11,12,15,10,10,16,17,14,18,18,19,15,20,16,16,17,21,22,19,19,23,20,16,16,21,21,22,24,25,23,26,26,27,27,28,22,24,25,25,29,29,27,27,28
558;idbchFgAECeGIdaBfhafHebgdcifiahgcebDhgedfbaIcdBcAiehgfeaIgChfdbbhDFaiceggcfBEdIHa;0,0,0,1,2,2,3,3,4,5,5,6,1,1,7,8,8,4,5,6,6,9,9,7,10,11,4,12,12,12,9,9,13,10,11,14,12,15,16,9,17,13,10,18,14,15,15,16,16,17,17,18,18,19,20,21,21,21,22,22,23,24,19,20,25,25,26,26,22,23,24,27,28,28,28,26,29,29,23,27,27
559;efGaidhcbadbCHeigFihcbfGedAcefgdhbAIhAiFbCgedbgdIeafHcfcEhAidbgdIAeGBcfHgbhdcfaie;0,0,1,2,2,2,3,4,4,0,5,1,1,1,3,3,6,7,8,5,5,9,9,10,10,6,7,8,11,11,12,12,10,10,13,7,8,8,14,14,15,10,13,13,7,8,16,16,15,15,17,17,18,18,8,19,19,15,15,20,21,22,22,23,23,24,25,20,20,21,22,26,23,23,24,25,25,25,27,27,26
560;agDIfcEBHBehgdacfiicfbhegdAEICdahfgbghafebdicfdbciGHAEHfieBDacgdaghcibeFcbeAgfIhd;0,1,1,2,2,3,3,4,5,0,6,1,7,2,8,4,4,5,9,6,6,7,7,8,8,4,10,9,11,12,12,7,13,13,14,10,11,11,15,12,12,14,14,14,16,11,15,15,17,12,18,18,16,16,19,20,15,17,17,18,18,21,21,19,20,22,22,23,24,24,21,25,26,26,22,22,23,27,27,21,25
561;hdeBicfAGIafEdgbhCCbGHfadiediafgehcBfgcabhiedbeHicDaGfeFdcaigbhgHidebcfaacBGhFEDi;0,0,1,1,1,2,2,3,3,4,4,4,5,5,5,6,3,7,8,8,4,9,10,11,6,7,7,12,9,9,9,10,11,6,13,13,12,14,15,16,16,16,16,17,13,18,14,15,15,16,19,17,17,13,18,20,15,20,21,19,22,22,23,24,20,20,20,21,21,25,22,23,24,26,26,27,27,21,25,28,28
562;hafbedicGCIegfhbDagBdiacheFegicdAFHbfhbeIgdaCAdchBfegiifgDcEabhbehagiCFdDcAfhbGie;0,1,1,2,3,3,4,4,5,0,0,2,2,6,3,3,4,5,7,6,6,6,6,8,8,5,5,7,9,10,10,10,8,8,11,11,7,9,9,12,12,13,8,14,14,7,15,16,12,12,13,14,14,17,7,15,16,18,19,19,20,20,17,21,21,22,18,18,23,23,24,25,26,26,22,18,27,27,23,24,25
563;bdFechgiaagCIdfehBheIbGafcddcbaEGifhefhdBiAGCiAghfCdbecbagiEhdfFiechdBagghdFabCEi;0,0,0,0,1,1,2,2,2,3,0,0,4,5,5,2,6,6,3,3,7,4,4,8,8,8,9,3,3,7,4,4,10,11,12,9,13,14,14,15,16,10,11,12,12,13,14,14,15,16,10,10,17,12,18,19,16,16,16,20,17,17,21,18,19,19,19,22,20,20,20,21,23,23,24,24,22,22,22,25,25
564;IaFhBcegddeCiFgHAbgbhAedifCbIgedHfcafdabcIGehcheFgabdihgDcifabeECigaBDhfafbdheciG;0,0,1,1,1,1,1,2,3,4,0,0,5,6,7,7,2,3,4,0,5,5,6,8,7,9,3,4,10,11,5,5,8,12,9,13,4,10,11,11,14,15,12,16,13,17,17,17,11,14,15,18,16,19,20,21,21,22,22,15,18,16,19,20,23,21,24,25,25,25,26,27,20,23,24,24,24,28,28,26,27
565;ibDfgCaheheCABidfGGAfHdeibcbfgihaCeddciBeFGaHehaGcdfibfdhcabegicibefghdAagEdIhBCf;0,0,1,1,1,2,2,3,3,4,4,1,1,5,5,5,6,3,7,8,8,9,10,10,6,6,6,7,11,11,9,12,12,12,13,13,14,15,11,9,16,16,17,13,13,14,15,11,18,16,19,17,20,20,14,21,21,18,18,19,19,22,22,23,23,24,25,26,27,28,29,29,30,30,24,25,26,27,28,28,29
566;iGfacbHdEbDhegIafCeacdFhgibFcEbhgIadGhaidcbefdbifeACHgaidGbefchHFbcIDegaceghafdBi;0,1,1,2,3,3,3,4,4,0,0,0,2,2,3,3,5,5,6,6,0,7,2,8,8,5,9,10,10,10,7,11,12,8,5,9,10,10,10,13,11,12,14,14,9,15,16,16,13,17,17,18,14,19,15,15,20,20,21,21,18,19,19,22,15,23,20,24,25,26,26,19,22,22,23,23,24,25,27,27,19
567;dCFHBgeaigbEdiachfaihcfeDbGefaIdBgChchgaEfidbBdighcAFehacbgifediebFcdhgAFGDEahbic;0,1,1,1,2,2,3,3,4,0,1,5,1,6,2,3,3,4,7,8,5,9,6,10,10,11,4,7,8,5,9,12,12,10,11,13,14,15,15,15,12,12,10,13,13,14,16,15,17,18,18,18,19,19,16,16,20,17,21,21,21,22,22,23,23,20,24,24,24,22,22,25,20,20,20,26,26,24,27,27,25
568;heabCFgidfgcadibhebidhEgfAcgFecbahdIdhBifeacgaCiGhdEBfeAfDibcgHiBHegcDFacdGfahIeb;0,0,0,0,0,1,1,2,2,3,4,4,4,4,1,5,5,6,3,4,7,7,8,8,9,9,6,10,4,11,11,12,8,9,9,13,10,14,15,11,12,16,17,18,13,10,14,15,11,19,16,17,18,20,21,21,21,19,19,19,22,18,20,23,24,25,19,19,26,22,18,27,23,24,25,25,26,26,22,27,27
569;iEhCabgfdFDbghecAIcgadfihbehFeICadGbaiDbGHecfGbcfedaihBafeDcihgdcIhbgfEaeHgaiFbdc;0,0,1,2,2,3,3,3,4,0,5,1,6,6,3,3,4,4,0,5,1,6,6,6,7,7,7,0,8,8,9,9,9,7,10,10,11,12,12,12,13,14,14,10,10,11,15,15,13,13,13,16,10,10,11,15,15,15,17,16,16,18,18,11,19,19,20,17,16,16,18,21,22,22,22,20,20,23,23,23,21
570;hDgaBifCeieaDfchgBbcfghEiAdciHbAGedfgfbeidahceaDHCfgbifBICgadehAhefdBcigdGciehbFa;0,0,0,1,1,2,2,2,2,3,0,4,1,5,5,2,6,6,3,7,4,8,8,8,6,6,9,3,7,7,10,8,11,6,6,9,12,12,13,10,14,11,15,9,9,12,16,13,10,14,15,15,17,17,18,16,13,19,19,20,15,17,17,18,21,21,22,19,20,15,23,23,24,24,21,22,22,20,25,25,23
571;CAGhdefibibhgFcaDEefdaibhcggIBChaEFdhdefbICgAfcaDeGibhbecighDafDgieafbhcahFbcdgeI;0,0,1,1,1,1,1,2,3,0,4,4,5,5,6,6,2,3,7,7,4,5,8,8,8,3,3,9,10,10,11,11,8,8,12,12,9,13,10,11,11,14,15,15,15,16,13,13,17,18,14,19,15,15,16,16,20,17,18,14,19,21,21,22,23,20,24,18,25,25,21,21,22,23,23,24,18,25,25,26,26
572;chIaDgFbeBAdhfecgigfebCiHaDDCAeibghfeifcghadbhbgdafEICidhgecbFAfEbIHadcgagcfbDieh;0,1,1,2,2,2,3,3,4,0,0,1,5,6,2,2,7,4,0,8,9,5,6,10,11,7,4,12,8,9,5,13,10,11,4,4,12,8,13,13,13,14,11,15,15,16,16,17,17,14,14,18,15,15,19,16,17,20,20,20,18,18,21,19,16,17,20,22,20,18,18,21,23,23,24,24,22,25,25,26,26
573;dfieabgchbchgfIDaeGEAhdcbfiihfbgaCedcDgFiEahbabecHdiGFfabiegHdcHgcdBFeIaeIdaChfBg;0,0,1,1,2,2,2,3,4,5,5,1,1,1,6,7,3,4,8,9,10,10,1,6,7,11,11,8,9,12,12,13,13,14,14,15,8,9,16,16,13,13,14,14,15,17,18,18,16,16,13,14,19,19,17,20,20,21,21,22,22,23,19,24,20,20,25,26,27,27,23,28,24,24,20,25,26,26,28,28,28
574;fbigDceahAgHBeicdfecdafhbiGDfchBAIgebEGDifahcihAcGEdfBhaficbgEdcDefaghbigIbehdfcA;0,0,0,1,2,2,2,3,3,4,4,5,1,6,6,6,6,6,7,4,5,8,8,9,9,10,10,7,7,11,12,8,9,9,9,13,7,14,11,12,15,15,15,15,13,16,14,14,17,17,18,18,18,19,16,16,20,20,20,21,18,22,19,23,23,24,24,25,21,22,22,19,23,23,26,26,25,25,25,27,27
575;fadgeiBhcIhCbADfEgGebcfhdIaacihDfgBeedgaibcfhhBFeCGadicfhibAegdbIadGeHcFdgEfhciab;0,0,1,1,2,2,3,4,4,5,0,6,1,2,2,3,7,4,5,0,6,8,9,2,3,7,7,5,0,8,8,9,10,10,10,11,5,12,8,13,13,13,14,11,11,15,12,16,13,17,14,14,11,18,15,12,16,17,17,19,19,18,18,20,20,20,21,17,22,22,22,18,23,23,23,21,21,24,24,25,25
576;caeifbghdgbdAchIEfFihDgEcbaiEcfbaDGhHfAgDceibbdgHeiFacAhfciGbdeecIbhdafgdgBeAFhci;0,1,1,1,2,3,3,3,3,0,4,4,2,2,2,3,3,5,6,6,6,7,8,8,8,9,5,10,6,6,7,11,8,12,9,13,10,10,14,14,11,11,12,15,13,16,16,17,14,18,18,19,15,13,20,20,17,21,22,19,19,23,24,25,20,17,21,22,19,23,23,24,25,20,26,26,27,27,27,24,24
577;gbdEAFicHefchibagDhaigcdebfbeaifcdhgichdegFAbFdgaBHcieDGechabfIchbFdigeAAIFbGehdC;0,0,1,1,1,2,2,3,3,4,0,0,5,5,6,6,3,3,4,4,4,5,7,7,7,7,8,9,9,10,11,12,12,12,13,8,9,9,10,11,12,12,14,13,15,16,16,16,11,12,14,14,14,15,17,17,17,17,17,14,14,18,18,19,20,17,21,21,22,22,22,23,19,20,24,24,24,25,25,23,23
578;aeiBHfcGdhdFGcAbiecBgidefhaeGcdbIafhiahefcdBgDFbhaGecifhdagBiecBiacehgDFgcEFidhAb;0,0,0,1,2,3,3,4,4,5,0,0,1,2,6,6,6,7,5,8,8,1,9,10,7,7,7,5,11,11,12,9,10,13,13,14,15,16,11,12,17,17,18,19,14,15,16,11,20,21,17,18,19,19,22,22,23,20,21,17,24,24,24,22,25,23,20,21,26,24,27,24,25,25,23,28,28,26,27,27,24
579;gbFcEDhiaicHagfdbeedabihGfCdfciaBeGhHiEGdcBAfAgbfhecdifEgdcaiHbcaDhbIfegbhieFgacD;0,0,1,1,2,2,2,3,3,4,4,4,1,5,6,6,7,7,4,8,9,1,5,10,11,11,7,12,8,9,9,13,10,14,15,7,12,12,16,13,13,17,14,15,18,12,19,16,13,20,17,21,15,18,22,19,23,23,20,17,21,15,24,22,22,25,26,26,26,21,27,24,28,28,25,25,29,29,21,27,27
580;ehbdIafcgGfdcheaIbiaCgfBHDeaghfDIBecceibGhdfadbFEAcighfDAHcgEbibigaedchfhceIBfgad;0,0,1,1,1,2,2,3,3,4,0,5,5,1,6,6,7,7,4,8,9,9,10,10,6,7,7,11,8,8,12,12,10,13,13,7,11,11,11,14,12,15,15,16,16,17,11,14,14,12,15,15,18,18,17,19,14,14,12,20,20,18,21,22,19,23,23,24,24,21,21,21,22,25,25,24,24,26,26,27,27
581;fAdibegChbhefgcadiigcadHFEBDeGhFbciacibdaghFEHfaCeibgdgbHeCDIafAdiGhfebcecfbiaDhg;0,1,2,3,3,3,4,4,5,0,1,2,6,6,3,7,8,5,9,1,10,10,11,7,7,8,8,9,12,12,11,11,13,13,14,8,15,16,16,17,18,18,19,14,14,15,16,20,17,21,21,19,14,14,22,22,20,17,23,23,19,24,24,22,25,26,27,27,23,28,24,29,25,25,26,26,27,27,28,28,29
582;fhbCaeDiGEgIBHdfcacadgfIebhdbafichgEgieHBAcfDhcfeDGbaIbdGachiefiecdgfaHbafhIebgdC;0,1,1,1,1,1,2,2,3,0,4,4,5,5,3,3,3,3,6,4,4,7,5,5,8,9,9,6,4,7,7,7,8,8,10,10,6,11,12,12,13,14,14,10,10,15,11,16,17,13,18,14,19,19,15,20,16,17,13,18,21,21,22,15,20,16,17,17,23,23,23,22,20,20,20,24,24,23,25,25,22
583;hifbeadcgacgdfhbeidebgiCFhAifEHcdaGbcDaiGbefHBghfaeCIdEbcaHgidffHDCBIgaegaieDfhbc;0,0,1,2,2,2,3,3,4,5,0,1,6,7,7,4,4,4,5,6,6,6,6,8,9,9,9,10,11,11,11,12,8,13,13,9,10,14,14,12,12,8,8,13,15,10,14,16,12,17,18,18,18,15,19,14,16,20,17,18,21,22,15,19,19,23,20,24,24,21,22,15,19,19,23,25,25,24,26,26,26
584;gfCiehabdhbadgcefIDEIFabchgfadbCgHIEbGeAHidCFicheDfgabaIgcFebdHchfgbdIeaedbhiafgc;0,1,1,2,3,3,3,4,5,0,6,1,2,7,3,8,4,5,9,6,10,7,7,8,8,11,12,9,6,10,7,7,13,8,11,12,9,14,15,16,17,13,13,13,18,14,14,15,16,17,17,18,18,18,19,15,15,16,20,21,21,22,22,19,23,23,20,20,24,21,25,26,27,27,23,28,28,24,25,25,26
585;abgihcdEfdefbGahiciCHFdebagBfdeIgAchcieafhgbDghAdcbIfehacgeIfdbfgBCADehIeDihBfcGa;0,0,1,1,1,2,2,3,3,4,0,1,5,5,6,6,7,7,4,8,9,5,5,10,6,11,11,4,8,9,12,10,10,13,14,14,4,15,15,12,16,16,13,13,13,17,15,15,12,18,16,19,19,20,17,21,21,18,18,16,22,19,20,23,21,21,24,18,25,22,26,26,23,23,23,24,24,25,26,26,26
586;gefiBcdHaihAGdecfbcdBaHfIegbcefgdaihdfhBaIEgCaGiEchbdfHBcDigfaeeadhfbgcifiGCEahbD;0,1,1,2,2,3,3,4,4,0,0,5,6,6,7,7,4,8,9,5,5,6,10,11,11,11,8,9,12,5,6,10,10,13,13,8,12,12,14,14,15,15,13,13,16,17,12,18,19,19,19,20,13,16,17,12,18,21,21,20,20,20,22,23,23,18,24,24,25,25,25,22,26,26,24,24,27,27,28,28,28
587;fbcdihGeaiDeagfcbhaghbCeFDihEdcFaigbGAihdbeCfbcfIegahDDigfhcbaEchBeaidfGefAgBdHIc;0,0,1,1,1,2,2,3,3,4,5,5,6,6,6,7,3,8,4,4,5,5,5,9,7,8,8,10,10,11,11,5,9,12,13,8,14,10,10,11,15,9,12,13,16,14,17,17,15,15,18,18,18,16,19,20,17,15,15,21,18,22,22,19,20,23,23,24,21,21,25,25,26,26,23,23,24,27,27,25,25
588;ibCHaFdgEhgeibDCfadfAcegihbbhdaiEGcFcafgdHbEIgeIfcbhadAcbEgifdhFDgbhAeiceiHdfcabg;0,0,1,2,2,2,3,3,4,5,0,1,2,6,6,7,8,4,5,9,1,6,6,6,7,8,4,9,9,1,10,11,12,7,13,14,9,9,15,10,11,12,12,13,14,16,16,15,10,17,17,17,18,14,19,20,15,10,21,21,17,18,22,19,20,20,23,23,21,24,22,22,19,25,25,23,23,24,24,24,22
589;IfgEadbCHaechibfgDDbhgcfiaehibCgeadFgdeFbaHIcCAfdhigebbciaehdfgehdiFgCBAfgaBDcEhi;0,1,1,2,2,3,3,4,4,0,0,5,2,6,7,3,3,4,8,9,5,5,6,7,3,10,4,8,9,11,11,6,7,3,10,12,13,14,15,15,16,16,17,17,12,13,14,18,15,15,19,17,20,21,22,22,18,18,23,19,17,20,21,22,24,25,25,23,23,26,27,27,22,24,25,25,28,28,26,26,27
590;cfbagIhEDHegcbdaifaidfHEcbgdghbfaiceIBfGeCdhaeacdihgFbGCehaBfdifhIEdgbAcbdaicFEgH;0,1,1,2,2,3,4,4,5,0,0,6,6,7,3,8,9,5,10,11,12,12,7,3,8,9,13,10,11,11,12,7,14,14,14,13,15,11,11,12,7,16,16,14,17,15,15,18,19,19,19,16,17,17,20,20,18,21,21,22,22,17,23,20,24,25,21,21,26,26,27,23,24,24,25,28,28,27,27,27,27
591;CaifhgbDeheGDbcIfafdbieagchaihbCeDgFGfDaIHebcebcgfdhAidhecgfaibicaHdbfEGBgfeAIChd;0,0,0,1,2,2,3,3,3,4,4,5,1,1,2,3,6,6,7,4,5,8,8,8,3,6,6,7,4,9,10,10,11,11,12,12,13,13,9,9,14,15,15,16,17,13,13,18,18,14,14,19,16,17,20,13,21,21,14,19,19,22,17,20,13,21,23,23,19,22,22,24,25,25,23,23,26,26,26,26,24
592;bGaFhIDcedfhbeCIagieCaGdhfBGaBdcefiHchFgiabeDedihfbagcfceidhgbAaIdcBgeHfhbgeaFCdi;0,1,1,2,2,3,3,3,4,0,5,1,1,2,6,6,3,4,7,5,5,8,9,10,6,11,11,7,5,5,8,9,10,6,11,12,13,13,14,14,10,10,6,12,12,15,15,16,16,17,18,18,19,19,20,21,22,22,17,17,17,17,23,20,21,24,22,25,26,23,23,23,27,27,24,25,25,26,28,28,28
593;afieGhcbDcbgifdehaHEdCBaigfbgAHEidfcDhCgafbeIfieDcBHagicfbHgADeeAhfdcgiBgdbaiefch;0,0,0,0,1,1,2,3,3,4,0,5,5,1,1,2,3,6,4,4,7,7,7,8,9,3,6,10,10,10,8,8,8,9,11,12,13,10,10,8,14,14,15,11,12,13,13,13,16,14,14,15,15,17,18,18,19,16,20,20,17,17,17,21,21,19,16,22,22,22,23,24,21,25,25,22,22,26,26,23,24
594;AiedBhCfgBdHgfceAigcfaeihbddeciabghFfbGhcdieaihaFgEDCbhfbcigadEcaiedfBgHEgdBHAfIc;0,0,0,1,2,2,2,3,4,5,6,6,1,7,7,8,3,4,5,5,6,1,1,9,8,10,10,11,11,11,11,12,9,13,13,10,14,14,14,14,12,9,15,15,16,14,17,17,17,17,18,18,15,16,19,19,20,21,21,18,18,22,22,23,24,20,21,25,22,22,22,26,23,24,27,27,25,28,28,26,26
595;fhIBedgacadCIGfbhebgecaHdfiibdgHcaefhEgfdaicbcfaebIHdGDIfAcgeBhecHdibFgaGaBhfeCid;0,0,1,1,1,2,3,3,4,0,0,1,5,5,2,6,7,4,0,8,8,5,9,6,6,7,7,10,8,8,11,9,12,12,13,13,10,10,14,11,15,16,16,13,13,17,18,14,11,15,15,16,13,19,17,18,20,20,20,21,21,22,19,18,18,23,23,20,24,22,22,25,26,26,26,27,27,24,24,22,25
596;faibhdCGeGhecafidbbDciegHfacighdEBaFhEafCbdIgDFbagieChIghdbafecebDGfcAhiacfeIHgbd;0,0,1,2,3,3,3,4,4,0,0,1,2,2,5,5,4,6,7,1,1,8,9,5,10,6,6,7,11,8,8,9,12,10,10,10,11,11,13,13,9,12,12,14,15,16,16,16,9,9,17,17,14,15,18,19,16,20,9,21,21,14,22,18,19,23,20,20,20,24,25,22,26,26,23,27,27,27,24,25,25
597;fhiegbdcaaedfchbgIgBcaIdehfeiFCaghdbdAgbhEficBCHidFaeGCfaheIgbDhdbgfciAEiGEdbacFh;0,1,1,2,2,3,3,3,4,0,1,1,2,2,5,4,4,4,1,1,6,6,2,5,7,4,8,9,9,6,10,11,5,7,7,8,12,12,13,10,11,11,14,14,14,12,13,13,15,11,16,17,17,14,18,19,13,15,20,16,16,17,21,18,19,19,19,20,22,23,21,21,24,24,24,25,25,22,23,21,21
598;AgeBfidchchiGadfbefdbecHiageiacHFGdbgbDAiechfhfCdbgEiadahfgcbEIIcfHebaGdBeGidAhfC;0,1,2,2,3,3,4,4,5,0,1,1,2,6,6,7,7,5,8,9,1,10,6,6,11,7,12,8,9,10,10,13,13,11,7,12,14,14,10,13,13,15,15,7,16,17,14,14,18,19,19,16,16,16,17,20,20,18,21,22,22,23,24,25,20,26,18,21,27,27,23,24,25,25,26,28,28,28,27,23,23
599;aBgihcdeFdcfgaEbHihIedBfacgegCAibfDhidAFCHegbbfheGdIaccabheigfdfeiCdghbAghDBfaCie;0,1,1,2,2,3,4,5,5,0,0,0,6,6,3,4,4,5,7,8,8,9,6,6,10,10,10,7,8,8,9,11,11,12,12,10,13,13,13,13,11,11,12,12,14,15,15,16,13,13,11,17,17,14,15,18,16,19,19,20,17,17,17,18,18,21,22,20,20,20,23,23,24,24,21,22,22,22,25,25,23
600;afecdiBGhIhcgEbFaDdgBafheiccdhebaifgbafiCgDHeeigdhfcbafcabgEhdigbdHICaefhEIFADgCb;0,0,0,1,2,2,3,3,4,5,5,6,1,7,2,2,3,4,8,5,6,1,7,9,9,3,3,8,10,10,11,11,9,9,12,13,14,15,15,15,16,16,12,12,13,14,14,17,16,16,18,18,19,20,21,21,17,22,22,18,18,19,20,21,21,23,22,24,24,25,25,26,21,21,23,23,24,24,24,25,26